Train No,장암,도봉산,수락산,마들,노원,중계,하계,공릉,태릉입구,먹골,중화,상봉,면목,사가정,용마산,중곡,군자,어린이대공원,건대입구,뚝섬유원지,청담,강남구청,학동,논현,반포,고속터미널,내방,남성,숭실대입구,상도,장승배기,신대방삼거리,보라매,신풍,대림,남구로,가산디지털단지,철산,광명사거리,천왕,온수,까치울,부천종합운동장,춘의,신중동,부천시청,상동,삼산체육관,굴포천,부평구청,
7015,05:35:00,05:40:00,05:42:50,05:45:20,05:47:20,05:49:10,05:50:50,05:52:50,05:54:20,05:56:00,05:57:50,06:00:10,06:01:50,06:03:30,06:05:00,06:06:50,06:08:50,06:10:40,06:12:40,06:14:30,06:17:30,06:19:30,06:21:10,06:23:00,06:24:30,06:26:40,06:29:40,06:33:40,06:36:40,06:38:20,06:40:20,06:42:40,06:44:20,06:46:10,06:48:40,06:50:40,06:52:30,06:55:00,06:57:20,06:59:40,07:02:30,07:05:30,07:07:30,07:09:20,07:11:10,07:13:00,07:14:40,07:16:30,07:18:10,00:00:00,
7019,05:55:00,06:00:00,06:02:50,06:05:20,06:07:20,06:09:10,06:10:50,06:12:50,06:14:20,06:16:00,06:17:50,06:20:10,06:21:50,06:23:30,06:25:00,06:26:50,06:28:50,06:30:40,06:32:40,06:34:30,06:37:30,06:39:30,06:41:10,06:43:00,06:44:30,06:46:40,06:49:40,06:53:40,06:56:40,06:58:20,07:00:20,07:02:40,07:04:20,07:06:10,07:08:40,07:10:40,07:12:30,07:15:00,07:17:20,07:19:40,07:22:30,07:25:30,07:27:30,07:29:20,07:31:10,07:33:00,07:34:40,07:36:30,07:38:10,00:00:00,
7023,06:12:00,06:17:00,06:19:50,06:22:20,06:24:20,06:26:10,06:27:50,06:29:50,06:31:20,06:33:00,06:34:50,06:37:10,06:38:50,06:40:30,06:42:00,06:43:50,06:45:50,06:47:40,06:49:40,06:51:30,06:54:30,06:56:30,06:58:10,07:00:00,07:01:30,07:03:40,07:06:40,07:10:40,07:13:40,07:15:20,07:17:20,07:19:40,07:21:20,07:23:10,07:25:40,07:27:40,07:29:30,07:32:00,07:34:20,07:36:40,00:00:00,
7027,06:26:00,06:31:00,06:33:50,06:36:20,06:38:20,06:40:10,06:41:50,06:43:50,06:45:20,06:47:00,06:48:50,06:51:10,06:52:50,06:54:30,06:56:00,06:57:50,06:59:50,07:01:40,07:03:40,07:05:30,07:08:30,07:10:30,07:12:10,07:14:00,07:15:30,07:17:40,07:20:40,07:24:40,07:27:40,07:29:20,07:31:20,07:33:40,07:35:20,07:37:10,07:39:40,07:41:40,07:43:30,07:46:00,07:48:20,07:50:40,00:00:00,
7031,06:40:00,06:45:00,06:47:50,06:50:20,06:52:20,06:54:10,06:55:50,06:57:50,06:59:20,07:01:00,07:02:50,07:05:10,07:06:50,07:08:30,07:10:00,07:11:50,07:13:50,07:15:40,07:17:40,07:19:30,07:22:30,07:24:30,07:26:10,07:28:00,07:29:30,07:31:40,07:34:40,07:38:40,07:41:40,07:43:20,07:45:20,07:47:40,07:49:20,07:51:10,07:53:40,07:55:40,07:57:30,08:00:00,08:02:20,08:04:40,08:07:30,08:10:30,08:12:30,08:14:20,08:16:10,08:18:00,08:19:40,08:21:30,08:23:10,00:00:00,
7039,07:04:00,07:09:00,07:11:50,07:14:20,07:16:20,07:18:10,07:19:50,07:21:50,07:23:20,07:25:00,07:26:50,07:29:10,07:30:50,07:32:30,07:34:00,07:35:50,07:37:50,07:39:40,07:41:40,07:43:30,07:46:30,07:48:30,07:50:10,07:52:00,07:53:30,07:55:40,07:58:40,08:02:40,08:05:40,08:07:20,08:09:20,08:11:40,08:13:20,08:15:10,08:17:40,08:19:40,08:21:30,08:24:00,08:26:20,08:28:40,08:31:30,08:34:30,08:36:30,08:38:20,08:40:10,08:42:00,08:43:40,08:45:30,08:47:10,00:00:00,
7045,07:22:00,07:27:00,07:29:50,07:32:20,07:34:20,07:36:10,07:37:50,07:39:50,07:41:20,07:43:00,07:44:50,07:47:10,07:48:50,07:50:30,07:52:00,07:53:50,07:55:50,07:57:40,07:59:40,08:01:30,08:04:30,08:06:30,08:08:10,08:10:00,08:11:30,08:13:40,08:16:40,08:20:40,08:23:40,08:25:20,08:27:20,08:29:40,08:31:20,08:33:10,08:35:40,08:37:40,08:39:30,08:42:00,08:44:20,08:46:40,00:00:00,
7051,07:40:00,07:45:00,07:47:50,07:50:20,07:52:20,07:54:10,07:55:50,07:57:50,07:59:20,08:01:00,08:02:50,08:05:10,08:06:50,08:08:30,08:10:00,08:11:50,08:13:50,08:15:40,08:17:40,08:19:30,08:22:30,08:24:30,08:26:10,08:28:00,08:29:30,08:31:40,08:34:40,08:38:40,08:41:40,08:43:20,08:45:20,08:47:40,08:49:20,08:51:10,08:53:40,08:55:40,08:57:30,09:00:00,09:02:20,09:04:40,09:07:30,09:10:30,09:12:30,09:14:20,09:16:10,09:18:00,09:19:40,09:21:30,09:23:10,00:00:00,
7057,07:58:00,08:03:00,08:05:50,08:08:20,08:10:20,08:12:10,08:13:50,08:15:50,08:17:20,08:19:00,08:20:50,08:23:10,08:24:50,08:26:30,08:28:00,08:29:50,08:31:50,08:33:40,08:35:40,08:37:30,08:40:30,08:42:30,08:44:10,08:46:00,08:47:30,08:49:40,08:52:40,08:56:40,08:59:40,09:01:20,09:03:20,09:05:40,09:07:20,09:09:10,09:11:40,09:13:40,09:15:30,09:18:00,09:20:20,09:22:40,00:00:00,
7065,08:22:00,08:27:00,08:29:50,08:32:20,08:34:20,08:36:10,08:37:50,08:39:50,08:41:20,08:43:00,08:44:50,08:47:10,08:48:50,08:50:30,08:52:00,08:53:50,08:55:50,08:57:40,08:59:40,09:01:30,09:04:30,09:06:30,09:08:10,09:10:00,09:11:30,09:13:40,09:16:40,09:20:40,09:23:40,09:25:20,09:27:20,09:29:40,09:31:20,09:33:10,09:35:40,09:37:40,09:39:30,09:42:00,09:44:20,09:46:40,00:00:00,
7069,08:34:00,08:39:00,08:41:50,08:44:20,08:46:20,08:48:10,08:49:50,08:51:50,08:53:20,08:55:00,08:56:50,08:59:10,09:00:50,09:02:30,09:04:00,09:05:50,09:07:50,09:09:40,09:11:40,09:13:30,09:16:30,09:18:30,09:20:10,09:22:00,09:23:30,09:25:40,09:28:40,09:32:40,09:35:40,09:37:20,09:39:20,09:41:40,09:43:20,09:45:10,09:47:40,09:49:40,09:51:30,09:54:00,09:56:20,09:58:40,00:00:00,
7075,08:52:00,08:57:00,08:59:50,09:02:20,09:04:20,09:06:10,09:07:50,09:09:50,09:11:20,09:13:00,09:14:50,09:17:10,09:18:50,09:20:30,09:22:00,09:23:50,09:25:50,09:27:40,09:29:40,09:31:30,09:34:30,09:36:30,09:38:10,09:40:00,09:41:30,09:43:40,09:46:40,09:50:40,09:53:40,09:55:20,09:57:20,09:59:40,10:01:20,10:03:10,10:05:40,10:07:40,10:09:30,10:12:00,10:14:20,10:16:40,10:19:30,10:22:30,10:24:30,10:26:20,10:28:10,10:30:00,10:31:40,10:33:30,10:35:10,00:00:00,
7081,09:10:00,09:15:00,09:17:50,09:20:20,09:22:20,09:24:10,09:25:50,09:27:50,09:29:20,09:31:00,09:32:50,09:35:10,09:36:50,09:38:30,09:40:00,09:41:50,09:43:50,09:45:40,09:47:40,09:49:30,09:52:30,09:54:30,09:56:10,09:58:00,09:59:30,10:01:40,10:04:40,10:08:40,10:11:40,10:13:20,10:15:20,10:17:40,10:19:20,10:21:10,10:23:40,10:25:40,10:27:30,10:30:00,10:32:20,10:34:40,00:00:00,
7087,09:28:00,09:33:00,09:35:50,09:38:20,09:40:20,09:42:10,09:43:50,09:45:50,09:47:20,09:49:00,09:50:50,09:53:10,09:54:50,09:56:30,09:58:00,09:59:50,10:01:50,10:03:40,10:05:40,10:07:30,10:10:30,10:12:30,10:14:10,10:16:00,10:17:30,10:19:40,10:22:40,10:26:40,10:29:40,10:31:20,10:33:20,10:35:40,10:37:20,10:39:10,10:41:40,10:43:40,10:45:30,10:48:00,10:50:20,10:52:40,10:55:30,10:58:30,11:00:30,11:02:20,11:04:10,11:06:00,11:07:40,11:09:30,11:11:10,00:00:00,
7093,09:46:00,09:51:00,09:53:50,09:56:20,09:58:20,10:00:10,10:01:50,10:03:50,10:05:20,10:07:00,10:08:50,10:11:10,10:12:50,10:14:30,10:16:00,10:17:50,10:19:50,10:21:40,10:23:40,10:25:30,10:28:30,10:30:30,10:32:10,10:34:00,10:35:30,10:37:40,10:40:40,10:44:40,10:47:40,10:49:20,10:51:20,10:53:40,10:55:20,10:57:10,10:59:40,11:01:40,11:03:30,11:06:00,11:08:20,11:10:40,00:00:00,
7099,10:04:00,10:09:00,10:11:50,10:14:20,10:16:20,10:18:10,10:19:50,10:21:50,10:23:20,10:25:00,10:26:50,10:29:10,10:30:50,10:32:30,10:34:00,10:35:50,10:37:50,10:39:40,10:41:40,10:43:30,10:46:30,10:48:30,10:50:10,10:52:00,10:53:30,10:55:40,10:58:40,11:02:40,11:05:40,11:07:20,11:09:20,11:11:40,11:13:20,11:15:10,11:17:40,11:19:40,11:21:30,11:24:00,11:26:20,11:28:40,11:31:30,11:34:30,11:36:30,11:38:20,11:40:10,11:42:00,11:43:40,11:45:30,11:47:10,00:00:00,
7105,10:22:00,10:27:00,10:29:50,10:32:20,10:34:20,10:36:10,10:37:50,10:39:50,10:41:20,10:43:00,10:44:50,10:47:10,10:48:50,10:50:30,10:52:00,10:53:50,10:55:50,10:57:40,10:59:40,11:01:30,11:04:30,11:06:30,11:08:10,11:10:00,11:11:30,11:13:40,11:16:40,11:20:40,11:23:40,11:25:20,11:27:20,11:29:40,11:31:20,11:33:10,11:35:40,11:37:40,11:39:30,11:42:00,11:44:20,11:46:40,00:00:00,
7109,10:34:00,10:39:00,10:41:50,10:44:20,10:46:20,10:48:10,10:49:50,10:51:50,10:53:20,10:55:00,10:56:50,10:59:10,11:00:50,11:02:30,11:04:00,11:05:50,11:07:50,11:09:40,11:11:40,11:13:30,11:16:30,11:18:30,11:20:10,11:22:00,11:23:30,11:25:40,11:28:40,11:32:40,11:35:40,11:37:20,11:39:20,11:41:40,11:43:20,11:45:10,11:47:40,11:49:40,11:51:30,11:54:00,11:56:20,11:58:40,00:00:00,
7113,10:46:00,10:51:00,10:53:50,10:56:20,10:58:20,11:00:10,11:01:50,11:03:50,11:05:20,11:07:00,11:08:50,11:11:10,11:12:50,11:14:30,11:16:00,11:17:50,11:19:50,11:21:40,11:23:40,11:25:30,11:28:30,11:30:30,11:32:10,11:34:00,11:35:30,11:37:40,11:40:40,11:44:40,11:47:40,11:49:20,11:51:20,11:53:40,11:55:20,11:57:10,11:59:40,12:01:40,12:03:30,12:06:00,12:08:20,12:10:40,00:00:00,
7119,11:04:00,11:09:00,11:11:50,11:14:20,11:16:20,11:18:10,11:19:50,11:21:50,11:23:20,11:25:00,11:26:50,11:29:10,11:30:50,11:32:30,11:34:00,11:35:50,11:37:50,11:39:40,11:41:40,11:43:30,11:46:30,11:48:30,11:50:10,11:52:00,11:53:30,11:55:40,11:58:40,12:02:40,12:05:40,12:07:20,12:09:20,12:11:40,12:13:20,12:15:10,12:17:40,12:19:40,12:21:30,12:24:00,12:26:20,12:28:40,12:31:30,12:34:30,12:36:30,12:38:20,12:40:10,12:42:00,12:43:40,12:45:30,12:47:10,00:00:00,
7123,11:16:00,11:21:00,11:23:50,11:26:20,11:28:20,11:30:10,11:31:50,11:33:50,11:35:20,11:37:00,11:38:50,11:41:10,11:42:50,11:44:30,11:46:00,11:47:50,11:49:50,11:51:40,11:53:40,11:55:30,11:58:30,12:00:30,12:02:10,12:04:00,12:05:30,12:07:40,12:10:40,12:14:40,12:17:40,12:19:20,12:21:20,12:23:40,12:25:20,12:27:10,12:29:40,12:31:40,12:33:30,12:36:00,12:38:20,12:40:40,12:43:30,12:46:30,12:48:30,12:50:20,12:52:10,12:54:00,12:55:40,12:57:30,12:59:10,00:00:00,
7129,11:34:00,11:39:00,11:41:50,11:44:20,11:46:20,11:48:10,11:49:50,11:51:50,11:53:20,11:55:00,11:56:50,11:59:10,12:00:50,12:02:30,12:04:00,12:05:50,12:07:50,12:09:40,12:11:40,12:13:30,12:16:30,12:18:30,12:20:10,12:22:00,12:23:30,12:25:40,12:28:40,12:32:40,12:35:40,12:37:20,12:39:20,12:41:40,12:43:20,12:45:10,12:47:40,12:49:40,12:51:30,12:54:00,12:56:20,12:58:40,00:00:00,
7133,11:46:00,11:51:00,11:53:50,11:56:20,11:58:20,12:00:10,12:01:50,12:03:50,12:05:20,12:07:00,12:08:50,12:11:10,12:12:50,12:14:30,12:16:00,12:17:50,12:19:50,12:21:40,12:23:40,12:25:30,12:28:30,12:30:30,12:32:10,12:34:00,12:35:30,12:37:40,12:40:40,12:44:40,12:47:40,12:49:20,12:51:20,12:53:40,12:55:20,12:57:10,12:59:40,13:01:40,13:03:30,13:06:00,13:08:20,13:10:40,00:00:00,
7137,11:58:00,12:03:00,12:05:50,12:08:20,12:10:20,12:12:10,12:13:50,12:15:50,12:17:20,12:19:00,12:20:50,12:23:10,12:24:50,12:26:30,12:28:00,12:29:50,12:31:50,12:33:40,12:35:40,12:37:30,12:40:30,12:42:30,12:44:10,12:46:00,12:47:30,12:49:40,12:52:40,12:56:40,12:59:40,13:01:20,13:03:20,13:05:40,13:07:20,13:09:10,13:11:40,13:13:40,13:15:30,13:18:00,13:20:20,13:22:40,00:00:00,
7141,12:10:00,12:15:00,12:17:50,12:20:20,12:22:20,12:24:10,12:25:50,12:27:50,12:29:20,12:31:00,12:32:50,12:35:10,12:36:50,12:38:30,12:40:00,12:41:50,12:43:50,12:45:40,12:47:40,12:49:30,12:52:30,12:54:30,12:56:10,12:58:00,12:59:30,13:01:40,13:04:40,13:08:40,13:11:40,13:13:20,13:15:20,13:17:40,13:19:20,13:21:10,13:23:40,13:25:40,13:27:30,13:30:00,13:32:20,13:34:40,00:00:00,
7147,12:28:00,12:33:00,12:35:50,12:38:20,12:40:20,12:42:10,12:43:50,12:45:50,12:47:20,12:49:00,12:50:50,12:53:10,12:54:50,12:56:30,12:58:00,12:59:50,13:01:50,13:03:40,13:05:40,13:07:30,13:10:30,13:12:30,13:14:10,13:16:00,13:17:30,13:19:40,13:22:40,13:26:40,13:29:40,13:31:20,13:33:20,13:35:40,13:37:20,13:39:10,13:41:40,13:43:40,13:45:30,13:48:00,13:50:20,13:52:40,13:55:30,13:58:30,14:00:30,14:02:20,14:04:10,14:06:00,14:07:40,14:09:30,14:11:10,00:00:00,
7153,12:46:00,12:51:00,12:53:50,12:56:20,12:58:20,13:00:10,13:01:50,13:03:50,13:05:20,13:07:00,13:08:50,13:11:10,13:12:50,13:14:30,13:16:00,13:17:50,13:19:50,13:21:40,13:23:40,13:25:30,13:28:30,13:30:30,13:32:10,13:34:00,13:35:30,13:37:40,13:40:40,13:44:40,13:47:40,13:49:20,13:51:20,13:53:40,13:55:20,13:57:10,13:59:40,14:01:40,14:03:30,14:06:00,14:08:20,14:10:40,00:00:00,
7157,12:58:00,13:03:00,13:05:50,13:08:20,13:10:20,13:12:10,13:13:50,13:15:50,13:17:20,13:19:00,13:20:50,13:23:10,13:24:50,13:26:30,13:28:00,13:29:50,13:31:50,13:33:40,13:35:40,13:37:30,13:40:30,13:42:30,13:44:10,13:46:00,13:47:30,13:49:40,13:52:40,13:56:40,13:59:40,14:01:20,14:03:20,14:05:40,14:07:20,14:09:10,14:11:40,14:13:40,14:15:30,14:18:00,14:20:20,14:22:40,00:00:00,
7161,13:10:00,13:15:00,13:17:50,13:20:20,13:22:20,13:24:10,13:25:50,13:27:50,13:29:20,13:31:00,13:32:50,13:35:10,13:36:50,13:38:30,13:40:00,13:41:50,13:43:50,13:45:40,13:47:40,13:49:30,13:52:30,13:54:30,13:56:10,13:58:00,13:59:30,14:01:40,14:04:40,14:08:40,14:11:40,14:13:20,14:15:20,14:17:40,14:19:20,14:21:10,14:23:40,14:25:40,14:27:30,14:30:00,14:32:20,14:34:40,00:00:00,
7165,13:22:00,13:27:00,13:29:50,13:32:20,13:34:20,13:36:10,13:37:50,13:39:50,13:41:20,13:43:00,13:44:50,13:47:10,13:48:50,13:50:30,13:52:00,13:53:50,13:55:50,13:57:40,13:59:40,14:01:30,14:04:30,14:06:30,14:08:10,14:10:00,14:11:30,14:13:40,14:16:40,14:20:40,14:23:40,14:25:20,14:27:20,14:29:40,14:31:20,14:33:10,14:35:40,14:37:40,14:39:30,14:42:00,14:44:20,14:46:40,00:00:00,
7171,13:40:00,13:45:00,13:47:50,13:50:20,13:52:20,13:54:10,13:55:50,13:57:50,13:59:20,14:01:00,14:02:50,14:05:10,14:06:50,14:08:30,14:10:00,14:11:50,14:13:50,14:15:40,14:17:40,14:19:30,14:22:30,14:24:30,14:26:10,14:28:00,14:29:30,14:31:40,14:34:40,14:38:40,14:41:40,14:43:20,14:45:20,14:47:40,14:49:20,14:51:10,14:53:40,14:55:40,14:57:30,15:00:00,15:02:20,15:04:40,15:07:30,15:10:30,15:12:30,15:14:20,15:16:10,15:18:00,15:19:40,15:21:30,15:23:10,00:00:00,
7177,13:58:00,14:03:00,14:05:50,14:08:20,14:10:20,14:12:10,14:13:50,14:15:50,14:17:20,14:19:00,14:20:50,14:23:10,14:24:50,14:26:30,14:28:00,14:29:50,14:31:50,14:33:40,14:35:40,14:37:30,14:40:30,14:42:30,14:44:10,14:46:00,14:47:30,14:49:40,14:52:40,14:56:40,14:59:40,15:01:20,15:03:20,15:05:40,15:07:20,15:09:10,15:11:40,15:13:40,15:15:30,15:18:00,15:20:20,15:22:40,00:00:00,
7183,14:16:00,14:21:00,14:23:50,14:26:20,14:28:20,14:30:10,14:31:50,14:33:50,14:35:20,14:37:00,14:38:50,14:41:10,14:42:50,14:44:30,14:46:00,14:47:50,14:49:50,14:51:40,14:53:40,14:55:30,14:58:30,15:00:30,15:02:10,15:04:00,15:05:30,15:07:40,15:10:40,15:14:40,15:17:40,15:19:20,15:21:20,15:23:40,15:25:20,15:27:10,15:29:40,15:31:40,15:33:30,15:36:00,15:38:20,15:40:40,15:43:30,15:46:30,15:48:30,15:50:20,15:52:10,15:54:00,15:55:40,15:57:30,15:59:10,00:00:00,
7189,14:34:00,14:39:00,14:41:50,14:44:20,14:46:20,14:48:10,14:49:50,14:51:50,14:53:20,14:55:00,14:56:50,14:59:10,15:00:50,15:02:30,15:04:00,15:05:50,15:07:50,15:09:40,15:11:40,15:13:30,15:16:30,15:18:30,15:20:10,15:22:00,15:23:30,15:25:40,15:28:40,15:32:40,15:35:40,15:37:20,15:39:20,15:41:40,15:43:20,15:45:10,15:47:40,15:49:40,15:51:30,15:54:00,15:56:20,15:58:40,00:00:00,
7195,14:52:00,14:57:00,14:59:50,15:02:20,15:04:20,15:06:10,15:07:50,15:09:50,15:11:20,15:13:00,15:14:50,15:17:10,15:18:50,15:20:30,15:22:00,15:23:50,15:25:50,15:27:40,15:29:40,15:31:30,15:34:30,15:36:30,15:38:10,15:40:00,15:41:30,15:43:40,15:46:40,15:50:40,15:53:40,15:55:20,15:57:20,15:59:40,16:01:20,16:03:10,16:05:40,16:07:40,16:09:30,16:12:00,16:14:20,16:16:40,16:19:30,16:22:30,16:24:30,16:26:20,16:28:10,16:30:00,16:31:40,16:33:30,16:35:10,00:00:00,
7201,15:10:00,15:15:00,15:17:50,15:20:20,15:22:20,15:24:10,15:25:50,15:27:50,15:29:20,15:31:00,15:32:50,15:35:10,15:36:50,15:38:30,15:40:00,15:41:50,15:43:50,15:45:40,15:47:40,15:49:30,15:52:30,15:54:30,15:56:10,15:58:00,15:59:30,16:01:40,16:04:40,16:08:40,16:11:40,16:13:20,16:15:20,16:17:40,16:19:20,16:21:10,16:23:40,16:25:40,16:27:30,16:30:00,16:32:20,16:34:40,00:00:00,
7207,15:28:00,15:33:00,15:35:50,15:38:20,15:40:20,15:42:10,15:43:50,15:45:50,15:47:20,15:49:00,15:50:50,15:53:10,15:54:50,15:56:30,15:58:00,15:59:50,16:01:50,16:03:40,16:05:40,16:07:30,16:10:30,16:12:30,16:14:10,16:16:00,16:17:30,16:19:40,16:22:40,16:26:40,16:29:40,16:31:20,16:33:20,16:35:40,16:37:20,16:39:10,16:41:40,16:43:40,16:45:30,16:48:00,16:50:20,16:52:40,16:55:30,16:58:30,17:00:30,17:02:20,17:04:10,17:06:00,17:07:40,17:09:30,17:11:10,00:00:00,
7213,15:46:00,15:51:00,15:53:50,15:56:20,15:58:20,16:00:10,16:01:50,16:03:50,16:05:20,16:07:00,16:08:50,16:11:10,16:12:50,16:14:30,16:16:00,16:17:50,16:19:50,16:21:40,16:23:40,16:25:30,16:28:30,16:30:30,16:32:10,16:34:00,16:35:30,16:37:40,16:40:40,16:44:40,16:47:40,16:49:20,16:51:20,16:53:40,16:55:20,16:57:10,16:59:40,17:01:40,17:03:30,17:06:00,17:08:20,17:10:40,00:00:00,
7219,16:04:00,16:09:00,16:11:50,16:14:20,16:16:20,16:18:10,16:19:50,16:21:50,16:23:20,16:25:00,16:26:50,16:29:10,16:30:50,16:32:30,16:34:00,16:35:50,16:37:50,16:39:40,16:41:40,16:43:30,16:46:30,16:48:30,16:50:10,16:52:00,16:53:30,16:55:40,16:58:40,17:02:40,17:05:40,17:07:20,17:09:20,17:11:40,17:13:20,17:15:10,17:17:40,17:19:40,17:21:30,17:24:00,17:26:20,17:28:40,17:31:30,17:34:30,17:36:30,17:38:20,17:40:10,17:42:00,17:43:40,17:45:30,17:47:10,00:00:00,
7225,16:22:00,16:27:00,16:29:50,16:32:20,16:34:20,16:36:10,16:37:50,16:39:50,16:41:20,16:43:00,16:44:50,16:47:10,16:48:50,16:50:30,16:52:00,16:53:50,16:55:50,16:57:40,16:59:40,17:01:30,17:04:30,17:06:30,17:08:10,17:10:00,17:11:30,17:13:40,17:16:40,17:20:40,17:23:40,17:25:20,17:27:20,17:29:40,17:31:20,17:33:10,17:35:40,17:37:40,17:39:30,17:42:00,17:44:20,17:46:40,00:00:00,
7231,16:40:00,16:45:00,16:47:50,16:50:20,16:52:20,16:54:10,16:55:50,16:57:50,16:59:20,17:01:00,17:02:50,17:05:10,17:06:50,17:08:30,17:10:00,17:11:50,17:13:50,17:15:40,17:17:40,17:19:30,17:22:30,17:24:30,17:26:10,17:28:00,17:29:30,17:31:40,17:34:40,17:38:40,17:41:40,17:43:20,17:45:20,17:47:40,17:49:20,17:51:10,17:53:40,17:55:40,17:57:30,18:00:00,18:02:20,18:04:40,18:07:30,18:10:30,18:12:30,18:14:20,18:16:10,18:18:00,18:19:40,18:21:30,18:23:10,00:00:00,
7237,16:58:00,17:03:00,17:05:50,17:08:20,17:10:20,17:12:10,17:13:50,17:15:50,17:17:20,17:19:00,17:20:50,17:23:10,17:24:50,17:26:30,17:28:00,17:29:50,17:31:50,17:33:40,17:35:40,17:37:30,17:40:30,17:42:30,17:44:10,17:46:00,17:47:30,17:49:40,17:52:40,17:56:40,17:59:40,18:01:20,18:03:20,18:05:40,18:07:20,18:09:10,18:11:40,18:13:40,18:15:30,18:18:00,18:20:20,18:22:40,00:00:00,
7243,17:16:00,17:21:00,17:23:50,17:26:20,17:28:20,17:30:10,17:31:50,17:33:50,17:35:20,17:37:00,17:38:50,17:41:10,17:42:50,17:44:30,17:46:00,17:47:50,17:49:50,17:51:40,17:53:40,17:55:30,17:58:30,18:00:30,18:02:10,18:04:00,18:05:30,18:07:40,18:10:40,18:14:40,18:17:40,18:19:20,18:21:20,18:23:40,18:25:20,18:27:10,18:29:40,18:31:40,18:33:30,18:36:00,18:38:20,18:40:40,18:43:30,18:46:30,18:48:30,18:50:20,18:52:10,18:54:00,18:55:40,18:57:30,18:59:10,00:00:00,
7249,17:34:00,17:39:00,17:41:50,17:44:20,17:46:20,17:48:10,17:49:50,17:51:50,17:53:20,17:55:00,17:56:50,17:59:10,18:00:50,18:02:30,18:04:00,18:05:50,18:07:50,18:09:40,18:11:40,18:13:30,18:16:30,18:18:30,18:20:10,18:22:00,18:23:30,18:25:40,18:28:40,18:32:40,18:35:40,18:37:20,18:39:20,18:41:40,18:43:20,18:45:10,18:47:40,18:49:40,18:51:30,18:54:00,18:56:20,18:58:40,00:00:00,
7253,17:46:00,17:51:00,17:53:50,17:56:20,17:58:20,18:00:10,18:01:50,18:03:50,18:05:20,18:07:00,18:08:50,18:11:10,18:12:50,18:14:30,18:16:00,18:17:50,18:19:50,18:21:40,18:23:40,18:25:30,18:28:30,18:30:30,18:32:10,18:34:00,18:35:30,18:37:40,18:40:40,18:44:40,18:47:40,18:49:20,18:51:20,18:53:40,18:55:20,18:57:10,18:59:40,19:01:40,19:03:30,19:06:00,19:08:20,19:10:40,00:00:00,
7257,17:58:00,18:03:00,18:05:50,18:08:20,18:10:20,18:12:10,18:13:50,18:15:50,18:17:20,18:19:00,18:20:50,18:23:10,18:24:50,18:26:30,18:28:00,18:29:50,18:31:50,18:33:40,18:35:40,18:37:30,18:40:30,18:42:30,18:44:10,18:46:00,18:47:30,18:49:40,18:52:40,18:56:40,18:59:40,19:01:20,19:03:20,19:05:40,19:07:20,19:09:10,19:11:40,19:13:40,19:15:30,19:18:00,19:20:20,19:22:40,00:00:00,
7261,18:10:00,18:15:00,18:17:50,18:20:20,18:22:20,18:24:10,18:25:50,18:27:50,18:29:20,18:31:00,18:32:50,18:35:10,18:36:50,18:38:30,18:40:00,18:41:50,18:43:50,18:45:40,18:47:40,18:49:30,18:52:30,18:54:30,18:56:10,18:58:00,18:59:30,19:01:40,19:04:40,19:08:40,19:11:40,19:13:20,19:15:20,19:17:40,19:19:20,19:21:10,19:23:40,19:25:40,19:27:30,19:30:00,19:32:20,19:34:40,00:00:00,
7265,18:22:00,18:27:00,18:29:50,18:32:20,18:34:20,18:36:10,18:37:50,18:39:50,18:41:20,18:43:00,18:44:50,18:47:10,18:48:50,18:50:30,18:52:00,18:53:50,18:55:50,18:57:40,18:59:40,19:01:30,19:04:30,19:06:30,19:08:10,19:10:00,19:11:30,19:13:40,19:16:40,19:20:40,19:23:40,19:25:20,19:27:20,19:29:40,19:31:20,19:33:10,19:35:40,19:37:40,19:39:30,19:42:00,19:44:20,19:46:40,00:00:00,
7269,18:34:00,18:39:00,18:41:50,18:44:20,18:46:20,18:48:10,18:49:50,18:51:50,18:53:20,18:55:00,18:56:50,18:59:10,19:00:50,19:02:30,19:04:00,19:05:50,19:07:50,19:09:40,19:11:40,19:13:30,19:16:30,19:18:30,19:20:10,19:22:00,19:23:30,19:25:40,19:28:40,19:32:40,19:35:40,19:37:20,19:39:20,19:41:40,19:43:20,19:45:10,19:47:40,19:49:40,19:51:30,19:54:00,19:56:20,19:58:40,00:00:00,
7273,18:46:00,18:51:00,18:53:50,18:56:20,18:58:20,19:00:10,19:01:50,19:03:50,19:05:20,19:07:00,19:08:50,19:11:10,19:12:50,19:14:30,19:16:00,19:17:50,19:19:50,19:21:40,19:23:40,19:25:30,19:28:30,19:30:30,19:32:10,19:34:00,19:35:30,19:37:40,19:40:40,19:44:40,19:47:40,19:49:20,19:51:20,19:53:40,19:55:20,19:57:10,19:59:40,20:01:40,20:03:30,20:06:00,20:08:20,20:10:40,00:00:00,
7279,19:04:00,19:09:00,19:11:50,19:14:20,19:16:20,19:18:10,19:19:50,19:21:50,19:23:20,19:25:00,19:26:50,19:29:10,19:30:50,19:32:30,19:34:00,19:35:50,19:37:50,19:39:40,19:41:40,19:43:30,19:46:30,19:48:30,19:50:10,19:52:00,19:53:30,19:55:40,19:58:40,20:02:40,20:05:40,20:07:20,20:09:20,20:11:40,20:13:20,20:15:10,20:17:40,20:19:40,20:21:30,20:24:00,20:26:20,20:28:40,20:31:30,20:34:30,20:36:30,20:38:20,20:40:10,20:42:00,20:43:40,20:45:30,20:47:10,00:00:00,
7285,19:22:00,19:27:00,19:29:50,19:32:20,19:34:20,19:36:10,19:37:50,19:39:50,19:41:20,19:43:00,19:44:50,19:47:10,19:48:50,19:50:30,19:52:00,19:53:50,19:55:50,19:57:40,19:59:40,20:01:30,20:04:30,20:06:30,20:08:10,20:10:00,20:11:30,20:13:40,20:16:40,20:20:40,20:23:40,20:25:20,20:27:20,20:29:40,20:31:20,20:33:10,20:35:40,20:37:40,20:39:30,20:42:00,20:44:20,20:46:40,00:00:00,
7291,19:40:00,19:45:00,19:47:50,19:50:20,19:52:20,19:54:10,19:55:50,19:57:50,19:59:20,20:01:00,20:02:50,20:05:10,20:06:50,20:08:30,20:10:00,20:11:50,20:13:50,20:15:40,20:17:40,20:19:30,20:22:30,20:24:30,20:26:10,20:28:00,20:29:30,20:31:40,20:34:40,20:38:40,20:41:40,20:43:20,20:45:20,20:47:40,20:49:20,20:51:10,20:53:40,20:55:40,20:57:30,21:00:00,21:02:20,21:04:40,21:07:30,21:10:30,21:12:30,21:14:20,21:16:10,21:18:00,21:19:40,21:21:30,21:23:10,00:00:00,
7297,19:58:00,20:03:00,20:05:50,20:08:20,20:10:20,20:12:10,20:13:50,20:15:50,20:17:20,20:19:00,20:20:50,20:23:10,20:24:50,20:26:30,20:28:00,20:29:50,20:31:50,20:33:40,20:35:40,20:37:30,20:40:30,20:42:30,20:44:10,20:46:00,20:47:30,20:49:40,20:52:40,20:56:40,20:59:40,21:01:20,21:03:20,21:05:40,21:07:20,21:09:10,21:11:40,21:13:40,21:15:30,21:18:00,21:20:20,21:22:40,00:00:00,
7303,20:16:00,20:21:00,20:23:50,20:26:20,20:28:20,20:30:10,20:31:50,20:33:50,20:35:20,20:37:00,20:38:50,20:41:10,20:42:50,20:44:30,20:46:00,20:47:50,20:49:50,20:51:40,20:53:40,20:55:30,20:58:30,21:00:30,21:02:10,21:04:00,21:05:30,21:07:40,21:10:40,21:14:40,21:17:40,21:19:20,21:21:20,21:23:40,21:25:20,21:27:10,21:29:40,21:31:40,21:33:30,21:36:00,21:38:20,21:40:40,21:43:30,21:46:30,21:48:30,21:50:20,21:52:10,21:54:00,21:55:40,21:57:30,21:59:10,00:00:00,
7309,20:34:00,20:39:00,20:41:50,20:44:20,20:46:20,20:48:10,20:49:50,20:51:50,20:53:20,20:55:00,20:56:50,20:59:10,21:00:50,21:02:30,21:04:00,21:05:50,21:07:50,21:09:40,21:11:40,21:13:30,21:16:30,21:18:30,21:20:10,21:22:00,21:23:30,21:25:40,21:28:40,21:32:40,21:35:40,21:37:20,21:39:20,21:41:40,21:43:20,21:45:10,21:47:40,21:49:40,21:51:30,21:54:00,21:56:20,21:58:40,00:00:00,
7315,20:52:00,20:57:00,20:59:50,21:02:20,21:04:20,21:06:10,21:07:50,21:09:50,21:11:20,21:13:00,21:14:50,21:17:10,21:18:50,21:20:30,21:22:00,21:23:50,21:25:50,21:27:40,21:29:40,21:31:30,21:34:30,21:36:30,21:38:10,21:40:00,21:41:30,21:43:40,21:46:40,21:50:40,21:53:40,21:55:20,21:57:20,21:59:40,22:01:20,22:03:10,22:05:40,22:07:40,22:09:30,22:12:00,22:14:20,22:16:40,22:19:30,22:22:30,22:24:30,22:26:20,22:28:10,22:30:00,22:31:40,22:33:30,22:35:10,00:00:00,
7319,21:04:00,21:09:00,21:11:50,21:14:20,21:16:20,21:18:10,21:19:50,21:21:50,21:23:20,21:25:00,21:26:50,21:29:10,21:30:50,21:32:30,21:34:00,21:35:50,21:37:50,21:39:40,21:41:40,21:43:30,21:46:30,21:48:30,21:50:10,21:52:00,21:53:30,21:55:40,21:58:40,22:02:40,22:05:40,22:07:20,22:09:20,22:11:40,22:13:20,22:15:10,22:17:40,22:19:40,22:21:30,22:24:00,22:26:20,22:28:40,22:31:30,22:34:30,22:36:30,22:38:20,22:40:10,22:42:00,22:43:40,22:45:30,22:47:10,00:00:00,
7323,21:19:00,21:24:00,21:26:50,21:29:20,21:31:20,21:33:10,21:34:50,21:36:50,21:38:20,21:40:00,21:41:50,21:44:10,21:45:50,21:47:30,21:49:00,21:50:50,21:52:50,21:54:40,21:56:40,21:58:30,22:01:30,22:03:30,22:05:10,22:07:00,22:08:30,22:10:40,22:13:40,22:17:40,22:20:40,22:22:20,22:24:20,22:26:40,22:28:20,22:30:10,22:32:40,22:34:40,22:36:30,22:39:00,22:41:20,22:43:40,22:46:30,22:49:30,22:51:30,22:53:20,22:55:10,22:57:00,22:58:40,23:00:30,23:02:10,00:00:00,
7327,21:35:00,21:40:00,21:42:50,21:45:20,21:47:20,21:49:10,21:50:50,21:52:50,21:54:20,21:56:00,21:57:50,22:00:10,22:01:50,22:03:30,22:05:00,22:06:50,22:08:50,22:10:40,22:12:40,22:14:30,22:17:30,22:19:30,22:21:10,22:23:00,22:24:30,22:26:40,22:29:40,22:33:40,22:36:40,22:38:20,22:40:20,22:42:40,22:44:20,22:46:10,22:48:40,22:50:40,22:52:30,22:55:00,22:57:20,22:59:40,23:02:30,23:05:30,23:07:30,23:09:20,23:11:10,23:13:00,23:14:40,23:16:30,23:18:10,00:00:00,
7331,21:51:00,21:56:00,21:58:50,22:01:20,22:03:20,22:05:10,22:06:50,22:08:50,22:10:20,22:12:00,22:13:50,22:16:10,22:17:50,22:19:30,22:21:00,22:22:50,22:24:50,22:26:40,22:28:40,22:30:30,22:33:30,22:35:30,22:37:10,22:39:00,22:40:30,22:42:40,22:45:40,22:49:40,22:52:40,22:54:20,22:56:20,22:58:40,23:00:20,23:02:10,23:04:40,23:06:40,23:08:30,23:11:00,23:13:20,23:15:40,23:18:30,23:21:30,23:23:30,23:25:20,23:27:10,23:29:00,23:30:40,23:32:30,23:34:10,00:00:00,
7335,22:07:00,22:12:00,22:14:50,22:17:20,22:19:20,22:21:10,22:22:50,22:24:50,22:26:20,22:28:00,22:29:50,22:32:10,22:33:50,22:35:30,22:37:00,22:38:50,22:40:50,22:42:40,22:44:40,22:46:30,22:49:30,22:51:30,22:53:10,22:55:00,22:56:30,22:58:40,23:01:40,23:05:40,23:08:40,23:10:20,23:12:20,23:14:40,23:16:20,23:18:10,23:20:40,23:22:40,23:24:30,23:27:00,23:29:20,23:31:40,23:34:30,23:37:30,23:39:30,23:41:20,23:43:10,23:45:00,23:46:40,23:48:30,23:50:10,00:00:00,
7341,22:32:00,22:37:00,22:39:50,22:42:20,22:44:20,22:46:10,22:47:50,22:49:50,22:51:20,22:53:00,22:54:50,22:57:10,22:58:50,23:00:30,23:02:00,23:03:50,23:05:50,23:07:40,23:09:40,23:11:30,23:14:30,23:16:30,23:18:10,23:20:00,23:21:30,23:23:40,23:26:40,23:30:40,23:33:40,23:35:20,23:37:20,23:39:40,23:41:20,23:43:10,23:45:40,23:47:40,23:49:30,23:52:00,23:54:20,23:56:40,00:00:00,
7345,22:53:00,22:58:00,23:00:50,23:03:20,23:05:20,23:07:10,23:08:50,23:10:50,23:12:20,23:14:00,23:15:50,23:18:10,23:19:50,23:21:30,23:23:10,23:25:00,23:26:50,23:28:40,23:30:30,23:32:30,23:35:30,23:37:30,23:39:10,23:41:00,23:42:40,23:44:40,23:47:40,23:51:30,23:54:30,23:56:10,23:58:10,24:00:30,24:02:10,00:00:00,
7347,23:05:00,23:10:00,23:12:50,23:15:20,23:17:20,23:19:10,23:20:50,23:22:50,23:24:20,23:26:00,23:27:50,23:30:10,23:31:50,23:33:30,23:35:10,23:37:00,23:38:50,23:40:40,23:42:30,23:44:30,23:47:30,23:49:30,23:51:10,23:53:00,23:54:40,23:56:40,00:00:00,
7349,23:17:00,23:22:00,23:24:50,23:27:20,23:29:20,23:31:10,23:32:50,23:34:50,23:36:20,23:38:00,23:39:50,23:42:10,23:43:50,23:45:30,23:47:10,23:49:00,23:50:50,23:52:40,23:54:30,23:56:30,00:00:00,
7351,23:29:00,23:34:00,23:36:50,23:39:20,23:41:20,23:43:10,23:44:50,23:46:50,23:48:20,23:50:00,23:51:50,23:54:10,23:55:50,23:57:30,23:59:10,24:01:00,24:02:50,24:04:40,00:00:00,
7013,05:30:00,05:32:50,05:35:20,05:37:20,05:39:10,05:40:50,05:42:50,05:44:20,05:46:00,05:47:50,05:50:10,05:51:50,05:53:30,05:55:10,05:57:00,05:58:50,06:00:40,06:02:30,06:04:30,06:07:30,06:09:30,06:11:10,06:13:00,06:14:40,06:16:40,06:19:40,06:23:30,06:26:30,06:28:10,06:30:10,06:32:30,06:34:10,06:36:00,06:38:30,06:40:30,06:42:20,06:44:50,06:47:10,06:49:40,06:52:30,06:55:30,06:57:30,06:59:20,07:01:10,07:03:00,07:04:40,07:06:30,07:08:10,00:00:00,
7017,05:50:00,05:52:50,05:55:20,05:57:20,05:59:10,06:00:50,06:02:50,06:04:20,06:06:00,06:07:50,06:10:10,06:11:50,06:13:30,06:15:00,06:16:50,06:18:50,06:20:40,06:22:40,06:24:30,06:27:30,06:29:30,06:31:10,06:33:00,06:34:30,06:36:40,06:39:40,06:43:40,06:46:40,06:48:20,06:50:20,06:52:40,06:54:20,06:56:10,06:58:40,07:00:40,07:02:30,07:05:00,07:07:20,07:09:40,07:12:30,07:15:30,07:17:30,07:19:20,07:21:10,07:23:00,07:24:40,07:26:30,07:28:10,00:00:00,
7021,06:09:00,06:11:50,06:14:20,06:16:20,06:18:10,06:19:50,06:21:50,06:23:20,06:25:00,06:26:50,06:29:10,06:30:50,06:32:30,06:34:00,06:35:50,06:37:50,06:39:40,06:41:40,06:43:30,06:46:30,06:48:30,06:50:10,06:52:00,06:53:30,06:55:40,06:58:40,07:02:40,07:05:40,07:07:20,07:09:20,07:11:40,07:13:20,07:15:10,07:17:40,07:19:40,07:21:30,07:24:00,07:26:20,07:28:40,07:31:30,07:34:30,07:36:30,07:38:20,07:40:10,07:42:00,07:43:40,07:45:30,07:47:10,00:00:00,
7025,06:24:00,06:26:50,06:29:20,06:31:20,06:33:10,06:34:50,06:36:50,06:38:20,06:40:00,06:41:50,06:44:10,06:45:50,06:47:30,06:49:00,06:50:50,06:52:50,06:54:40,06:56:40,06:58:30,07:01:30,07:03:30,07:05:10,07:07:00,07:08:30,07:10:40,07:13:40,07:17:40,07:20:40,07:22:20,07:24:20,07:26:40,07:28:20,07:30:10,07:32:40,07:34:40,07:36:30,07:39:00,07:41:20,07:43:40,07:46:30,07:49:30,07:51:30,07:53:20,07:55:10,07:57:00,07:58:40,08:00:30,08:02:10,00:00:00,
7029,06:38:00,06:40:50,06:43:20,06:45:20,06:47:10,06:48:50,06:50:50,06:52:20,06:54:00,06:55:50,06:58:10,06:59:50,07:01:30,07:03:00,07:04:50,07:06:50,07:08:40,07:10:40,07:12:30,07:15:30,07:17:30,07:19:10,07:21:00,07:22:30,07:24:40,07:27:40,07:31:40,07:34:40,07:36:20,07:38:20,07:40:40,07:42:20,07:44:10,07:46:40,07:48:40,07:50:30,07:53:00,07:55:20,07:57:40,08:00:30,08:03:30,08:05:30,08:07:20,08:09:10,08:11:00,08:12:40,08:14:30,08:16:10,00:00:00,
7033,06:51:00,06:53:50,06:56:20,06:58:20,07:00:10,07:01:50,07:03:50,07:05:20,07:07:00,07:08:50,07:11:10,07:12:50,07:14:30,07:16:00,07:17:50,07:19:50,07:21:40,07:23:40,07:25:30,07:28:30,07:30:30,07:32:10,07:34:00,07:35:30,07:37:40,07:40:40,07:44:40,07:47:40,07:49:20,07:51:20,07:53:40,07:55:20,07:57:10,07:59:40,08:01:40,08:03:30,08:06:00,08:08:20,08:10:40,00:00:00,
7035,06:57:00,06:59:50,07:02:20,07:04:20,07:06:10,07:07:50,07:09:50,07:11:20,07:13:00,07:14:50,07:17:10,07:18:50,07:20:30,07:22:00,07:23:50,07:25:50,07:27:40,07:29:40,07:31:30,07:34:30,07:36:30,07:38:10,07:40:00,07:41:30,07:43:40,07:46:40,07:50:40,07:53:40,07:55:20,07:57:20,07:59:40,08:01:20,08:03:10,08:05:40,08:07:40,08:09:30,08:12:00,08:14:20,08:16:40,08:19:30,08:22:30,08:24:30,08:26:20,08:28:10,08:30:00,08:31:40,08:33:30,08:35:10,00:00:00,
7037,07:03:00,07:05:50,07:08:20,07:10:20,07:12:10,07:13:50,07:15:50,07:17:20,07:19:00,07:20:50,07:23:10,07:24:50,07:26:30,07:28:00,07:29:50,07:31:50,07:33:40,07:35:40,07:37:30,07:40:30,07:42:30,07:44:10,07:46:00,07:47:30,07:49:40,07:52:40,07:56:40,07:59:40,08:01:20,08:03:20,08:05:40,08:07:20,08:09:10,08:11:40,08:13:40,08:15:30,08:18:00,08:20:20,08:22:40,00:00:00,
7041,07:15:00,07:17:50,07:20:20,07:22:20,07:24:10,07:25:50,07:27:50,07:29:20,07:31:00,07:32:50,07:35:10,07:36:50,07:38:30,07:40:00,07:41:50,07:43:50,07:45:40,07:47:40,07:49:30,07:52:30,07:54:30,07:56:10,07:58:00,07:59:30,08:01:40,08:04:40,08:08:40,08:11:40,08:13:20,08:15:20,08:17:40,08:19:20,08:21:10,08:23:40,08:25:40,08:27:30,08:30:00,08:32:20,08:34:40,00:00:00,
7043,07:21:00,07:23:50,07:26:20,07:28:20,07:30:10,07:31:50,07:33:50,07:35:20,07:37:00,07:38:50,07:41:10,07:42:50,07:44:30,07:46:00,07:47:50,07:49:50,07:51:40,07:53:40,07:55:30,07:58:30,08:00:30,08:02:10,08:04:00,08:05:30,08:07:40,08:10:40,08:14:40,08:17:40,08:19:20,08:21:20,08:23:40,08:25:20,08:27:10,08:29:40,08:31:40,08:33:30,08:36:00,08:38:20,08:40:40,08:43:30,08:46:30,08:48:30,08:50:20,08:52:10,08:54:00,08:55:40,08:57:30,08:59:10,00:00:00,
7047,07:33:00,07:35:50,07:38:20,07:40:20,07:42:10,07:43:50,07:45:50,07:47:20,07:49:00,07:50:50,07:53:10,07:54:50,07:56:30,07:58:00,07:59:50,08:01:50,08:03:40,08:05:40,08:07:30,08:10:30,08:12:30,08:14:10,08:16:00,08:17:30,08:19:40,08:22:40,08:26:40,08:29:40,08:31:20,08:33:20,08:35:40,08:37:20,08:39:10,08:41:40,08:43:40,08:45:30,08:48:00,08:50:20,08:52:40,08:55:30,08:58:30,09:00:30,09:02:20,09:04:10,09:06:00,09:07:40,09:09:30,09:11:10,00:00:00,
7049,07:39:00,07:41:50,07:44:20,07:46:20,07:48:10,07:49:50,07:51:50,07:53:20,07:55:00,07:56:50,07:59:10,08:00:50,08:02:30,08:04:00,08:05:50,08:07:50,08:09:40,08:11:40,08:13:30,08:16:30,08:18:30,08:20:10,08:22:00,08:23:30,08:25:40,08:28:40,08:32:40,08:35:40,08:37:20,08:39:20,08:41:40,08:43:20,08:45:10,08:47:40,08:49:40,08:51:30,08:54:00,08:56:20,08:58:40,00:00:00,
7053,07:51:00,07:53:50,07:56:20,07:58:20,08:00:10,08:01:50,08:03:50,08:05:20,08:07:00,08:08:50,08:11:10,08:12:50,08:14:30,08:16:00,08:17:50,08:19:50,08:21:40,08:23:40,08:25:30,08:28:30,08:30:30,08:32:10,08:34:00,08:35:30,08:37:40,08:40:40,08:44:40,08:47:40,08:49:20,08:51:20,08:53:40,08:55:20,08:57:10,08:59:40,09:01:40,09:03:30,09:06:00,09:08:20,09:10:40,00:00:00,
7055,07:57:00,07:59:50,08:02:20,08:04:20,08:06:10,08:07:50,08:09:50,08:11:20,08:13:00,08:14:50,08:17:10,08:18:50,08:20:30,08:22:00,08:23:50,08:25:50,08:27:40,08:29:40,08:31:30,08:34:30,08:36:30,08:38:10,08:40:00,08:41:30,08:43:40,08:46:40,08:50:40,08:53:40,08:55:20,08:57:20,08:59:40,09:01:20,09:03:10,09:05:40,09:07:40,09:09:30,09:12:00,09:14:20,09:16:40,09:19:30,09:22:30,09:24:30,09:26:20,09:28:10,09:30:00,09:31:40,09:33:30,09:35:10,00:00:00,
7059,08:09:00,08:11:50,08:14:20,08:16:20,08:18:10,08:19:50,08:21:50,08:23:20,08:25:00,08:26:50,08:29:10,08:30:50,08:32:30,08:34:00,08:35:50,08:37:50,08:39:40,08:41:40,08:43:30,08:46:30,08:48:30,08:50:10,08:52:00,08:53:30,08:55:40,08:58:40,09:02:40,09:05:40,09:07:20,09:09:20,09:11:40,09:13:20,09:15:10,09:17:40,09:19:40,09:21:30,09:24:00,09:26:20,09:28:40,09:31:30,09:34:30,09:36:30,09:38:20,09:40:10,09:42:00,09:43:40,09:45:30,09:47:10,00:00:00,
7061,08:15:00,08:17:50,08:20:20,08:22:20,08:24:10,08:25:50,08:27:50,08:29:20,08:31:00,08:32:50,08:35:10,08:36:50,08:38:30,08:40:00,08:41:50,08:43:50,08:45:40,08:47:40,08:49:30,08:52:30,08:54:30,08:56:10,08:58:00,08:59:30,09:01:40,09:04:40,09:08:40,09:11:40,09:13:20,09:15:20,09:17:40,09:19:20,09:21:10,09:23:40,09:25:40,09:27:30,09:30:00,09:32:20,09:34:40,00:00:00,
7063,08:21:00,08:23:50,08:26:20,08:28:20,08:30:10,08:31:50,08:33:50,08:35:20,08:37:00,08:38:50,08:41:10,08:42:50,08:44:30,08:46:00,08:47:50,08:49:50,08:51:40,08:53:40,08:55:30,08:58:30,09:00:30,09:02:10,09:04:00,09:05:30,09:07:40,09:10:40,09:14:40,09:17:40,09:19:20,09:21:20,09:23:40,09:25:20,09:27:10,09:29:40,09:31:40,09:33:30,09:36:00,09:38:20,09:40:40,09:43:30,09:46:30,09:48:30,09:50:20,09:52:10,09:54:00,09:55:40,09:57:30,09:59:10,00:00:00,
7067,08:33:00,08:35:50,08:38:20,08:40:20,08:42:10,08:43:50,08:45:50,08:47:20,08:49:00,08:50:50,08:53:10,08:54:50,08:56:30,08:58:00,08:59:50,09:01:50,09:03:40,09:05:40,09:07:30,09:10:30,09:12:30,09:14:10,09:16:00,09:17:30,09:19:40,09:22:40,09:26:40,09:29:40,09:31:20,09:33:20,09:35:40,09:37:20,09:39:10,09:41:40,09:43:40,09:45:30,09:48:00,09:50:20,09:52:40,09:55:30,09:58:30,10:00:30,10:02:20,10:04:10,10:06:00,10:07:40,10:09:30,10:11:10,00:00:00,
7071,08:45:00,08:47:50,08:50:20,08:52:20,08:54:10,08:55:50,08:57:50,08:59:20,09:01:00,09:02:50,09:05:10,09:06:50,09:08:30,09:10:00,09:11:50,09:13:50,09:15:40,09:17:40,09:19:30,09:22:30,09:24:30,09:26:10,09:28:00,09:29:30,09:31:40,09:34:40,09:38:40,09:41:40,09:43:20,09:45:20,09:47:40,09:49:20,09:51:10,09:53:40,09:55:40,09:57:30,10:00:00,10:02:20,10:04:40,10:07:30,10:10:30,10:12:30,10:14:20,10:16:10,10:18:00,10:19:40,10:21:30,10:23:10,00:00:00,
7073,08:51:00,08:53:50,08:56:20,08:58:20,09:00:10,09:01:50,09:03:50,09:05:20,09:07:00,09:08:50,09:11:10,09:12:50,09:14:30,09:16:00,09:17:50,09:19:50,09:21:40,09:23:40,09:25:30,09:28:30,09:30:30,09:32:10,09:34:00,09:35:30,09:37:40,09:40:40,09:44:40,09:47:40,09:49:20,09:51:20,09:53:40,09:55:20,09:57:10,09:59:40,10:01:40,10:03:30,10:06:00,10:08:20,10:10:40,00:00:00,
7077,09:03:00,09:05:50,09:08:20,09:10:20,09:12:10,09:13:50,09:15:50,09:17:20,09:19:00,09:20:50,09:23:10,09:24:50,09:26:30,09:28:00,09:29:50,09:31:50,09:33:40,09:35:40,09:37:30,09:40:30,09:42:30,09:44:10,09:46:00,09:47:30,09:49:40,09:52:40,09:56:40,09:59:40,10:01:20,10:03:20,10:05:40,10:07:20,10:09:10,10:11:40,10:13:40,10:15:30,10:18:00,10:20:20,10:22:40,00:00:00,
7079,09:09:00,09:11:50,09:14:20,09:16:20,09:18:10,09:19:50,09:21:50,09:23:20,09:25:00,09:26:50,09:29:10,09:30:50,09:32:30,09:34:00,09:35:50,09:37:50,09:39:40,09:41:40,09:43:30,09:46:30,09:48:30,09:50:10,09:52:00,09:53:30,09:55:40,09:58:40,10:02:40,10:05:40,10:07:20,10:09:20,10:11:40,10:13:20,10:15:10,10:17:40,10:19:40,10:21:30,10:24:00,10:26:20,10:28:40,10:31:30,10:34:30,10:36:30,10:38:20,10:40:10,10:42:00,10:43:40,10:45:30,10:47:10,00:00:00,
7083,09:21:00,09:23:50,09:26:20,09:28:20,09:30:10,09:31:50,09:33:50,09:35:20,09:37:00,09:38:50,09:41:10,09:42:50,09:44:30,09:46:00,09:47:50,09:49:50,09:51:40,09:53:40,09:55:30,09:58:30,10:00:30,10:02:10,10:04:00,10:05:30,10:07:40,10:10:40,10:14:40,10:17:40,10:19:20,10:21:20,10:23:40,10:25:20,10:27:10,10:29:40,10:31:40,10:33:30,10:36:00,10:38:20,10:40:40,10:43:30,10:46:30,10:48:30,10:50:20,10:52:10,10:54:00,10:55:40,10:57:30,10:59:10,00:00:00,
7085,09:27:00,09:29:50,09:32:20,09:34:20,09:36:10,09:37:50,09:39:50,09:41:20,09:43:00,09:44:50,09:47:10,09:48:50,09:50:30,09:52:00,09:53:50,09:55:50,09:57:40,09:59:40,10:01:30,10:04:30,10:06:30,10:08:10,10:10:00,10:11:30,10:13:40,10:16:40,10:20:40,10:23:40,10:25:20,10:27:20,10:29:40,10:31:20,10:33:10,10:35:40,10:37:40,10:39:30,10:42:00,10:44:20,10:46:40,00:00:00,
7089,09:39:00,09:41:50,09:44:20,09:46:20,09:48:10,09:49:50,09:51:50,09:53:20,09:55:00,09:56:50,09:59:10,10:00:50,10:02:30,10:04:00,10:05:50,10:07:50,10:09:40,10:11:40,10:13:30,10:16:30,10:18:30,10:20:10,10:22:00,10:23:30,10:25:40,10:28:40,10:32:40,10:35:40,10:37:20,10:39:20,10:41:40,10:43:20,10:45:10,10:47:40,10:49:40,10:51:30,10:54:00,10:56:20,10:58:40,00:00:00,
7091,09:45:00,09:47:50,09:50:20,09:52:20,09:54:10,09:55:50,09:57:50,09:59:20,10:01:00,10:02:50,10:05:10,10:06:50,10:08:30,10:10:00,10:11:50,10:13:50,10:15:40,10:17:40,10:19:30,10:22:30,10:24:30,10:26:10,10:28:00,10:29:30,10:31:40,10:34:40,10:38:40,10:41:40,10:43:20,10:45:20,10:47:40,10:49:20,10:51:10,10:53:40,10:55:40,10:57:30,11:00:00,11:02:20,11:04:40,11:07:30,11:10:30,11:12:30,11:14:20,11:16:10,11:18:00,11:19:40,11:21:30,11:23:10,00:00:00,
7095,09:57:00,09:59:50,10:02:20,10:04:20,10:06:10,10:07:50,10:09:50,10:11:20,10:13:00,10:14:50,10:17:10,10:18:50,10:20:30,10:22:00,10:23:50,10:25:50,10:27:40,10:29:40,10:31:30,10:34:30,10:36:30,10:38:10,10:40:00,10:41:30,10:43:40,10:46:40,10:50:40,10:53:40,10:55:20,10:57:20,10:59:40,11:01:20,11:03:10,11:05:40,11:07:40,11:09:30,11:12:00,11:14:20,11:16:40,11:19:30,11:22:30,11:24:30,11:26:20,11:28:10,11:30:00,11:31:40,11:33:30,11:35:10,00:00:00,
7097,10:03:00,10:05:50,10:08:20,10:10:20,10:12:10,10:13:50,10:15:50,10:17:20,10:19:00,10:20:50,10:23:10,10:24:50,10:26:30,10:28:00,10:29:50,10:31:50,10:33:40,10:35:40,10:37:30,10:40:30,10:42:30,10:44:10,10:46:00,10:47:30,10:49:40,10:52:40,10:56:40,10:59:40,11:01:20,11:03:20,11:05:40,11:07:20,11:09:10,11:11:40,11:13:40,11:15:30,11:18:00,11:20:20,11:22:40,00:00:00,
7101,10:15:00,10:17:50,10:20:20,10:22:20,10:24:10,10:25:50,10:27:50,10:29:20,10:31:00,10:32:50,10:35:10,10:36:50,10:38:30,10:40:00,10:41:50,10:43:50,10:45:40,10:47:40,10:49:30,10:52:30,10:54:30,10:56:10,10:58:00,10:59:30,11:01:40,11:04:40,11:08:40,11:11:40,11:13:20,11:15:20,11:17:40,11:19:20,11:21:10,11:23:40,11:25:40,11:27:30,11:30:00,11:32:20,11:34:40,00:00:00,
7103,10:21:00,10:23:50,10:26:20,10:28:20,10:30:10,10:31:50,10:33:50,10:35:20,10:37:00,10:38:50,10:41:10,10:42:50,10:44:30,10:46:00,10:47:50,10:49:50,10:51:40,10:53:40,10:55:30,10:58:30,11:00:30,11:02:10,11:04:00,11:05:30,11:07:40,11:10:40,11:14:40,11:17:40,11:19:20,11:21:20,11:23:40,11:25:20,11:27:10,11:29:40,11:31:40,11:33:30,11:36:00,11:38:20,11:40:40,11:43:30,11:46:30,11:48:30,11:50:20,11:52:10,11:54:00,11:55:40,11:57:30,11:59:10,00:00:00,
7107,10:33:00,10:35:50,10:38:20,10:40:20,10:42:10,10:43:50,10:45:50,10:47:20,10:49:00,10:50:50,10:53:10,10:54:50,10:56:30,10:58:00,10:59:50,11:01:50,11:03:40,11:05:40,11:07:30,11:10:30,11:12:30,11:14:10,11:16:00,11:17:30,11:19:40,11:22:40,11:26:40,11:29:40,11:31:20,11:33:20,11:35:40,11:37:20,11:39:10,11:41:40,11:43:40,11:45:30,11:48:00,11:50:20,11:52:40,11:55:30,11:58:30,12:00:30,12:02:20,12:04:10,12:06:00,12:07:40,12:09:30,12:11:10,00:00:00,
7111,10:45:00,10:47:50,10:50:20,10:52:20,10:54:10,10:55:50,10:57:50,10:59:20,11:01:00,11:02:50,11:05:10,11:06:50,11:08:30,11:10:00,11:11:50,11:13:50,11:15:40,11:17:40,11:19:30,11:22:30,11:24:30,11:26:10,11:28:00,11:29:30,11:31:40,11:34:40,11:38:40,11:41:40,11:43:20,11:45:20,11:47:40,11:49:20,11:51:10,11:53:40,11:55:40,11:57:30,12:00:00,12:02:20,12:04:40,12:07:30,12:10:30,12:12:30,12:14:20,12:16:10,12:18:00,12:19:40,12:21:30,12:23:10,00:00:00,
7115,10:57:00,10:59:50,11:02:20,11:04:20,11:06:10,11:07:50,11:09:50,11:11:20,11:13:00,11:14:50,11:17:10,11:18:50,11:20:30,11:22:00,11:23:50,11:25:50,11:27:40,11:29:40,11:31:30,11:34:30,11:36:30,11:38:10,11:40:00,11:41:30,11:43:40,11:46:40,11:50:40,11:53:40,11:55:20,11:57:20,11:59:40,12:01:20,12:03:10,12:05:40,12:07:40,12:09:30,12:12:00,12:14:20,12:16:40,12:19:30,12:22:30,12:24:30,12:26:20,12:28:10,12:30:00,12:31:40,12:33:30,12:35:10,00:00:00,
7117,11:03:00,11:05:50,11:08:20,11:10:20,11:12:10,11:13:50,11:15:50,11:17:20,11:19:00,11:20:50,11:23:10,11:24:50,11:26:30,11:28:00,11:29:50,11:31:50,11:33:40,11:35:40,11:37:30,11:40:30,11:42:30,11:44:10,11:46:00,11:47:30,11:49:40,11:52:40,11:56:40,11:59:40,12:01:20,12:03:20,12:05:40,12:07:20,12:09:10,12:11:40,12:13:40,12:15:30,12:18:00,12:20:20,12:22:40,00:00:00,
7121,11:15:00,11:17:50,11:20:20,11:22:20,11:24:10,11:25:50,11:27:50,11:29:20,11:31:00,11:32:50,11:35:10,11:36:50,11:38:30,11:40:00,11:41:50,11:43:50,11:45:40,11:47:40,11:49:30,11:52:30,11:54:30,11:56:10,11:58:00,11:59:30,12:01:40,12:04:40,12:08:40,12:11:40,12:13:20,12:15:20,12:17:40,12:19:20,12:21:10,12:23:40,12:25:40,12:27:30,12:30:00,12:32:20,12:34:40,00:00:00,
7125,11:27:00,11:29:50,11:32:20,11:34:20,11:36:10,11:37:50,11:39:50,11:41:20,11:43:00,11:44:50,11:47:10,11:48:50,11:50:30,11:52:00,11:53:50,11:55:50,11:57:40,11:59:40,12:01:30,12:04:30,12:06:30,12:08:10,12:10:00,12:11:30,12:13:40,12:16:40,12:20:40,12:23:40,12:25:20,12:27:20,12:29:40,12:31:20,12:33:10,12:35:40,12:37:40,12:39:30,12:42:00,12:44:20,12:46:40,00:00:00,
7127,11:33:00,11:35:50,11:38:20,11:40:20,11:42:10,11:43:50,11:45:50,11:47:20,11:49:00,11:50:50,11:53:10,11:54:50,11:56:30,11:58:00,11:59:50,12:01:50,12:03:40,12:05:40,12:07:30,12:10:30,12:12:30,12:14:10,12:16:00,12:17:30,12:19:40,12:22:40,12:26:40,12:29:40,12:31:20,12:33:20,12:35:40,12:37:20,12:39:10,12:41:40,12:43:40,12:45:30,12:48:00,12:50:20,12:52:40,12:55:30,12:58:30,13:00:30,13:02:20,13:04:10,13:06:00,13:07:40,13:09:30,13:11:10,00:00:00,
7131,11:45:00,11:47:50,11:50:20,11:52:20,11:54:10,11:55:50,11:57:50,11:59:20,12:01:00,12:02:50,12:05:10,12:06:50,12:08:30,12:10:00,12:11:50,12:13:50,12:15:40,12:17:40,12:19:30,12:22:30,12:24:30,12:26:10,12:28:00,12:29:30,12:31:40,12:34:40,12:38:40,12:41:40,12:43:20,12:45:20,12:47:40,12:49:20,12:51:10,12:53:40,12:55:40,12:57:30,13:00:00,13:02:20,13:04:40,13:07:30,13:10:30,13:12:30,13:14:20,13:16:10,13:18:00,13:19:40,13:21:30,13:23:10,00:00:00,
7135,11:57:00,11:59:50,12:02:20,12:04:20,12:06:10,12:07:50,12:09:50,12:11:20,12:13:00,12:14:50,12:17:10,12:18:50,12:20:30,12:22:00,12:23:50,12:25:50,12:27:40,12:29:40,12:31:30,12:34:30,12:36:30,12:38:10,12:40:00,12:41:30,12:43:40,12:46:40,12:50:40,12:53:40,12:55:20,12:57:20,12:59:40,13:01:20,13:03:10,13:05:40,13:07:40,13:09:30,13:12:00,13:14:20,13:16:40,13:19:30,13:22:30,13:24:30,13:26:20,13:28:10,13:30:00,13:31:40,13:33:30,13:35:10,00:00:00,
7139,12:09:00,12:11:50,12:14:20,12:16:20,12:18:10,12:19:50,12:21:50,12:23:20,12:25:00,12:26:50,12:29:10,12:30:50,12:32:30,12:34:00,12:35:50,12:37:50,12:39:40,12:41:40,12:43:30,12:46:30,12:48:30,12:50:10,12:52:00,12:53:30,12:55:40,12:58:40,13:02:40,13:05:40,13:07:20,13:09:20,13:11:40,13:13:20,13:15:10,13:17:40,13:19:40,13:21:30,13:24:00,13:26:20,13:28:40,13:31:30,13:34:30,13:36:30,13:38:20,13:40:10,13:42:00,13:43:40,13:45:30,13:47:10,00:00:00,
7143,12:21:00,12:23:50,12:26:20,12:28:20,12:30:10,12:31:50,12:33:50,12:35:20,12:37:00,12:38:50,12:41:10,12:42:50,12:44:30,12:46:00,12:47:50,12:49:50,12:51:40,12:53:40,12:55:30,12:58:30,13:00:30,13:02:10,13:04:00,13:05:30,13:07:40,13:10:40,13:14:40,13:17:40,13:19:20,13:21:20,13:23:40,13:25:20,13:27:10,13:29:40,13:31:40,13:33:30,13:36:00,13:38:20,13:40:40,13:43:30,13:46:30,13:48:30,13:50:20,13:52:10,13:54:00,13:55:40,13:57:30,13:59:10,00:00:00,
7145,12:27:00,12:29:50,12:32:20,12:34:20,12:36:10,12:37:50,12:39:50,12:41:20,12:43:00,12:44:50,12:47:10,12:48:50,12:50:30,12:52:00,12:53:50,12:55:50,12:57:40,12:59:40,13:01:30,13:04:30,13:06:30,13:08:10,13:10:00,13:11:30,13:13:40,13:16:40,13:20:40,13:23:40,13:25:20,13:27:20,13:29:40,13:31:20,13:33:10,13:35:40,13:37:40,13:39:30,13:42:00,13:44:20,13:46:40,00:00:00,
7149,12:39:00,12:41:50,12:44:20,12:46:20,12:48:10,12:49:50,12:51:50,12:53:20,12:55:00,12:56:50,12:59:10,13:00:50,13:02:30,13:04:00,13:05:50,13:07:50,13:09:40,13:11:40,13:13:30,13:16:30,13:18:30,13:20:10,13:22:00,13:23:30,13:25:40,13:28:40,13:32:40,13:35:40,13:37:20,13:39:20,13:41:40,13:43:20,13:45:10,13:47:40,13:49:40,13:51:30,13:54:00,13:56:20,13:58:40,00:00:00,
7151,12:45:00,12:47:50,12:50:20,12:52:20,12:54:10,12:55:50,12:57:50,12:59:20,13:01:00,13:02:50,13:05:10,13:06:50,13:08:30,13:10:00,13:11:50,13:13:50,13:15:40,13:17:40,13:19:30,13:22:30,13:24:30,13:26:10,13:28:00,13:29:30,13:31:40,13:34:40,13:38:40,13:41:40,13:43:20,13:45:20,13:47:40,13:49:20,13:51:10,13:53:40,13:55:40,13:57:30,14:00:00,14:02:20,14:04:40,14:07:30,14:10:30,14:12:30,14:14:20,14:16:10,14:18:00,14:19:40,14:21:30,14:23:10,00:00:00,
7155,12:57:00,12:59:50,13:02:20,13:04:20,13:06:10,13:07:50,13:09:50,13:11:20,13:13:00,13:14:50,13:17:10,13:18:50,13:20:30,13:22:00,13:23:50,13:25:50,13:27:40,13:29:40,13:31:30,13:34:30,13:36:30,13:38:10,13:40:00,13:41:30,13:43:40,13:46:40,13:50:40,13:53:40,13:55:20,13:57:20,13:59:40,14:01:20,14:03:10,14:05:40,14:07:40,14:09:30,14:12:00,14:14:20,14:16:40,14:19:30,14:22:30,14:24:30,14:26:20,14:28:10,14:30:00,14:31:40,14:33:30,14:35:10,00:00:00,
7159,13:09:00,13:11:50,13:14:20,13:16:20,13:18:10,13:19:50,13:21:50,13:23:20,13:25:00,13:26:50,13:29:10,13:30:50,13:32:30,13:34:00,13:35:50,13:37:50,13:39:40,13:41:40,13:43:30,13:46:30,13:48:30,13:50:10,13:52:00,13:53:30,13:55:40,13:58:40,14:02:40,14:05:40,14:07:20,14:09:20,14:11:40,14:13:20,14:15:10,14:17:40,14:19:40,14:21:30,14:24:00,14:26:20,14:28:40,14:31:30,14:34:30,14:36:30,14:38:20,14:40:10,14:42:00,14:43:40,14:45:30,14:47:10,00:00:00,
7163,13:21:00,13:23:50,13:26:20,13:28:20,13:30:10,13:31:50,13:33:50,13:35:20,13:37:00,13:38:50,13:41:10,13:42:50,13:44:30,13:46:00,13:47:50,13:49:50,13:51:40,13:53:40,13:55:30,13:58:30,14:00:30,14:02:10,14:04:00,14:05:30,14:07:40,14:10:40,14:14:40,14:17:40,14:19:20,14:21:20,14:23:40,14:25:20,14:27:10,14:29:40,14:31:40,14:33:30,14:36:00,14:38:20,14:40:40,14:43:30,14:46:30,14:48:30,14:50:20,14:52:10,14:54:00,14:55:40,14:57:30,14:59:10,00:00:00,
7167,13:33:00,13:35:50,13:38:20,13:40:20,13:42:10,13:43:50,13:45:50,13:47:20,13:49:00,13:50:50,13:53:10,13:54:50,13:56:30,13:58:00,13:59:50,14:01:50,14:03:40,14:05:40,14:07:30,14:10:30,14:12:30,14:14:10,14:16:00,14:17:30,14:19:40,14:22:40,14:26:40,14:29:40,14:31:20,14:33:20,14:35:40,14:37:20,14:39:10,14:41:40,14:43:40,14:45:30,14:48:00,14:50:20,14:52:40,14:55:30,14:58:30,15:00:30,15:02:20,15:04:10,15:06:00,15:07:40,15:09:30,15:11:10,00:00:00,
7169,13:39:00,13:41:50,13:44:20,13:46:20,13:48:10,13:49:50,13:51:50,13:53:20,13:55:00,13:56:50,13:59:10,14:00:50,14:02:30,14:04:00,14:05:50,14:07:50,14:09:40,14:11:40,14:13:30,14:16:30,14:18:30,14:20:10,14:22:00,14:23:30,14:25:40,14:28:40,14:32:40,14:35:40,14:37:20,14:39:20,14:41:40,14:43:20,14:45:10,14:47:40,14:49:40,14:51:30,14:54:00,14:56:20,14:58:40,00:00:00,
7173,13:51:00,13:53:50,13:56:20,13:58:20,14:00:10,14:01:50,14:03:50,14:05:20,14:07:00,14:08:50,14:11:10,14:12:50,14:14:30,14:16:00,14:17:50,14:19:50,14:21:40,14:23:40,14:25:30,14:28:30,14:30:30,14:32:10,14:34:00,14:35:30,14:37:40,14:40:40,14:44:40,14:47:40,14:49:20,14:51:20,14:53:40,14:55:20,14:57:10,14:59:40,15:01:40,15:03:30,15:06:00,15:08:20,15:10:40,00:00:00,
7175,13:57:00,13:59:50,14:02:20,14:04:20,14:06:10,14:07:50,14:09:50,14:11:20,14:13:00,14:14:50,14:17:10,14:18:50,14:20:30,14:22:00,14:23:50,14:25:50,14:27:40,14:29:40,14:31:30,14:34:30,14:36:30,14:38:10,14:40:00,14:41:30,14:43:40,14:46:40,14:50:40,14:53:40,14:55:20,14:57:20,14:59:40,15:01:20,15:03:10,15:05:40,15:07:40,15:09:30,15:12:00,15:14:20,15:16:40,15:19:30,15:22:30,15:24:30,15:26:20,15:28:10,15:30:00,15:31:40,15:33:30,15:35:10,00:00:00,
7179,14:09:00,14:11:50,14:14:20,14:16:20,14:18:10,14:19:50,14:21:50,14:23:20,14:25:00,14:26:50,14:29:10,14:30:50,14:32:30,14:34:00,14:35:50,14:37:50,14:39:40,14:41:40,14:43:30,14:46:30,14:48:30,14:50:10,14:52:00,14:53:30,14:55:40,14:58:40,15:02:40,15:05:40,15:07:20,15:09:20,15:11:40,15:13:20,15:15:10,15:17:40,15:19:40,15:21:30,15:24:00,15:26:20,15:28:40,15:31:30,15:34:30,15:36:30,15:38:20,15:40:10,15:42:00,15:43:40,15:45:30,15:47:10,00:00:00,
7181,14:15:00,14:17:50,14:20:20,14:22:20,14:24:10,14:25:50,14:27:50,14:29:20,14:31:00,14:32:50,14:35:10,14:36:50,14:38:30,14:40:00,14:41:50,14:43:50,14:45:40,14:47:40,14:49:30,14:52:30,14:54:30,14:56:10,14:58:00,14:59:30,15:01:40,15:04:40,15:08:40,15:11:40,15:13:20,15:15:20,15:17:40,15:19:20,15:21:10,15:23:40,15:25:40,15:27:30,15:30:00,15:32:20,15:34:40,00:00:00,
7185,14:27:00,14:29:50,14:32:20,14:34:20,14:36:10,14:37:50,14:39:50,14:41:20,14:43:00,14:44:50,14:47:10,14:48:50,14:50:30,14:52:00,14:53:50,14:55:50,14:57:40,14:59:40,15:01:30,15:04:30,15:06:30,15:08:10,15:10:00,15:11:30,15:13:40,15:16:40,15:20:40,15:23:40,15:25:20,15:27:20,15:29:40,15:31:20,15:33:10,15:35:40,15:37:40,15:39:30,15:42:00,15:44:20,15:46:40,00:00:00,
7187,14:33:00,14:35:50,14:38:20,14:40:20,14:42:10,14:43:50,14:45:50,14:47:20,14:49:00,14:50:50,14:53:10,14:54:50,14:56:30,14:58:00,14:59:50,15:01:50,15:03:40,15:05:40,15:07:30,15:10:30,15:12:30,15:14:10,15:16:00,15:17:30,15:19:40,15:22:40,15:26:40,15:29:40,15:31:20,15:33:20,15:35:40,15:37:20,15:39:10,15:41:40,15:43:40,15:45:30,15:48:00,15:50:20,15:52:40,15:55:30,15:58:30,16:00:30,16:02:20,16:04:10,16:06:00,16:07:40,16:09:30,16:11:10,00:00:00,
7191,14:45:00,14:47:50,14:50:20,14:52:20,14:54:10,14:55:50,14:57:50,14:59:20,15:01:00,15:02:50,15:05:10,15:06:50,15:08:30,15:10:00,15:11:50,15:13:50,15:15:40,15:17:40,15:19:30,15:22:30,15:24:30,15:26:10,15:28:00,15:29:30,15:31:40,15:34:40,15:38:40,15:41:40,15:43:20,15:45:20,15:47:40,15:49:20,15:51:10,15:53:40,15:55:40,15:57:30,16:00:00,16:02:20,16:04:40,16:07:30,16:10:30,16:12:30,16:14:20,16:16:10,16:18:00,16:19:40,16:21:30,16:23:10,00:00:00,
7193,14:51:00,14:53:50,14:56:20,14:58:20,15:00:10,15:01:50,15:03:50,15:05:20,15:07:00,15:08:50,15:11:10,15:12:50,15:14:30,15:16:00,15:17:50,15:19:50,15:21:40,15:23:40,15:25:30,15:28:30,15:30:30,15:32:10,15:34:00,15:35:30,15:37:40,15:40:40,15:44:40,15:47:40,15:49:20,15:51:20,15:53:40,15:55:20,15:57:10,15:59:40,16:01:40,16:03:30,16:06:00,16:08:20,16:10:40,00:00:00,
7197,15:03:00,15:05:50,15:08:20,15:10:20,15:12:10,15:13:50,15:15:50,15:17:20,15:19:00,15:20:50,15:23:10,15:24:50,15:26:30,15:28:00,15:29:50,15:31:50,15:33:40,15:35:40,15:37:30,15:40:30,15:42:30,15:44:10,15:46:00,15:47:30,15:49:40,15:52:40,15:56:40,15:59:40,16:01:20,16:03:20,16:05:40,16:07:20,16:09:10,16:11:40,16:13:40,16:15:30,16:18:00,16:20:20,16:22:40,00:00:00,
7199,15:09:00,15:11:50,15:14:20,15:16:20,15:18:10,15:19:50,15:21:50,15:23:20,15:25:00,15:26:50,15:29:10,15:30:50,15:32:30,15:34:00,15:35:50,15:37:50,15:39:40,15:41:40,15:43:30,15:46:30,15:48:30,15:50:10,15:52:00,15:53:30,15:55:40,15:58:40,16:02:40,16:05:40,16:07:20,16:09:20,16:11:40,16:13:20,16:15:10,16:17:40,16:19:40,16:21:30,16:24:00,16:26:20,16:28:40,16:31:30,16:34:30,16:36:30,16:38:20,16:40:10,16:42:00,16:43:40,16:45:30,16:47:10,00:00:00,
7203,15:21:00,15:23:50,15:26:20,15:28:20,15:30:10,15:31:50,15:33:50,15:35:20,15:37:00,15:38:50,15:41:10,15:42:50,15:44:30,15:46:00,15:47:50,15:49:50,15:51:40,15:53:40,15:55:30,15:58:30,16:00:30,16:02:10,16:04:00,16:05:30,16:07:40,16:10:40,16:14:40,16:17:40,16:19:20,16:21:20,16:23:40,16:25:20,16:27:10,16:29:40,16:31:40,16:33:30,16:36:00,16:38:20,16:40:40,16:43:30,16:46:30,16:48:30,16:50:20,16:52:10,16:54:00,16:55:40,16:57:30,16:59:10,00:00:00,
7205,15:27:00,15:29:50,15:32:20,15:34:20,15:36:10,15:37:50,15:39:50,15:41:20,15:43:00,15:44:50,15:47:10,15:48:50,15:50:30,15:52:00,15:53:50,15:55:50,15:57:40,15:59:40,16:01:30,16:04:30,16:06:30,16:08:10,16:10:00,16:11:30,16:13:40,16:16:40,16:20:40,16:23:40,16:25:20,16:27:20,16:29:40,16:31:20,16:33:10,16:35:40,16:37:40,16:39:30,16:42:00,16:44:20,16:46:40,00:00:00,
7209,15:39:00,15:41:50,15:44:20,15:46:20,15:48:10,15:49:50,15:51:50,15:53:20,15:55:00,15:56:50,15:59:10,16:00:50,16:02:30,16:04:00,16:05:50,16:07:50,16:09:40,16:11:40,16:13:30,16:16:30,16:18:30,16:20:10,16:22:00,16:23:30,16:25:40,16:28:40,16:32:40,16:35:40,16:37:20,16:39:20,16:41:40,16:43:20,16:45:10,16:47:40,16:49:40,16:51:30,16:54:00,16:56:20,16:58:40,00:00:00,
7211,15:45:00,15:47:50,15:50:20,15:52:20,15:54:10,15:55:50,15:57:50,15:59:20,16:01:00,16:02:50,16:05:10,16:06:50,16:08:30,16:10:00,16:11:50,16:13:50,16:15:40,16:17:40,16:19:30,16:22:30,16:24:30,16:26:10,16:28:00,16:29:30,16:31:40,16:34:40,16:38:40,16:41:40,16:43:20,16:45:20,16:47:40,16:49:20,16:51:10,16:53:40,16:55:40,16:57:30,17:00:00,17:02:20,17:04:40,17:07:30,17:10:30,17:12:30,17:14:20,17:16:10,17:18:00,17:19:40,17:21:30,17:23:10,00:00:00,
7215,15:57:00,15:59:50,16:02:20,16:04:20,16:06:10,16:07:50,16:09:50,16:11:20,16:13:00,16:14:50,16:17:10,16:18:50,16:20:30,16:22:00,16:23:50,16:25:50,16:27:40,16:29:40,16:31:30,16:34:30,16:36:30,16:38:10,16:40:00,16:41:30,16:43:40,16:46:40,16:50:40,16:53:40,16:55:20,16:57:20,16:59:40,17:01:20,17:03:10,17:05:40,17:07:40,17:09:30,17:12:00,17:14:20,17:16:40,17:19:30,17:22:30,17:24:30,17:26:20,17:28:10,17:30:00,17:31:40,17:33:30,17:35:10,00:00:00,
7217,16:03:00,16:05:50,16:08:20,16:10:20,16:12:10,16:13:50,16:15:50,16:17:20,16:19:00,16:20:50,16:23:10,16:24:50,16:26:30,16:28:00,16:29:50,16:31:50,16:33:40,16:35:40,16:37:30,16:40:30,16:42:30,16:44:10,16:46:00,16:47:30,16:49:40,16:52:40,16:56:40,16:59:40,17:01:20,17:03:20,17:05:40,17:07:20,17:09:10,17:11:40,17:13:40,17:15:30,17:18:00,17:20:20,17:22:40,00:00:00,
7221,16:15:00,16:17:50,16:20:20,16:22:20,16:24:10,16:25:50,16:27:50,16:29:20,16:31:00,16:32:50,16:35:10,16:36:50,16:38:30,16:40:00,16:41:50,16:43:50,16:45:40,16:47:40,16:49:30,16:52:30,16:54:30,16:56:10,16:58:00,16:59:30,17:01:40,17:04:40,17:08:40,17:11:40,17:13:20,17:15:20,17:17:40,17:19:20,17:21:10,17:23:40,17:25:40,17:27:30,17:30:00,17:32:20,17:34:40,00:00:00,
7223,16:21:00,16:23:50,16:26:20,16:28:20,16:30:10,16:31:50,16:33:50,16:35:20,16:37:00,16:38:50,16:41:10,16:42:50,16:44:30,16:46:00,16:47:50,16:49:50,16:51:40,16:53:40,16:55:30,16:58:30,17:00:30,17:02:10,17:04:00,17:05:30,17:07:40,17:10:40,17:14:40,17:17:40,17:19:20,17:21:20,17:23:40,17:25:20,17:27:10,17:29:40,17:31:40,17:33:30,17:36:00,17:38:20,17:40:40,17:43:30,17:46:30,17:48:30,17:50:20,17:52:10,17:54:00,17:55:40,17:57:30,17:59:10,00:00:00,
7227,16:33:00,16:35:50,16:38:20,16:40:20,16:42:10,16:43:50,16:45:50,16:47:20,16:49:00,16:50:50,16:53:10,16:54:50,16:56:30,16:58:00,16:59:50,17:01:50,17:03:40,17:05:40,17:07:30,17:10:30,17:12:30,17:14:10,17:16:00,17:17:30,17:19:40,17:22:40,17:26:40,17:29:40,17:31:20,17:33:20,17:35:40,17:37:20,17:39:10,17:41:40,17:43:40,17:45:30,17:48:00,17:50:20,17:52:40,17:55:30,17:58:30,18:00:30,18:02:20,18:04:10,18:06:00,18:07:40,18:09:30,18:11:10,00:00:00,
7229,16:39:00,16:41:50,16:44:20,16:46:20,16:48:10,16:49:50,16:51:50,16:53:20,16:55:00,16:56:50,16:59:10,17:00:50,17:02:30,17:04:00,17:05:50,17:07:50,17:09:40,17:11:40,17:13:30,17:16:30,17:18:30,17:20:10,17:22:00,17:23:30,17:25:40,17:28:40,17:32:40,17:35:40,17:37:20,17:39:20,17:41:40,17:43:20,17:45:10,17:47:40,17:49:40,17:51:30,17:54:00,17:56:20,17:58:40,00:00:00,
7233,16:51:00,16:53:50,16:56:20,16:58:20,17:00:10,17:01:50,17:03:50,17:05:20,17:07:00,17:08:50,17:11:10,17:12:50,17:14:30,17:16:00,17:17:50,17:19:50,17:21:40,17:23:40,17:25:30,17:28:30,17:30:30,17:32:10,17:34:00,17:35:30,17:37:40,17:40:40,17:44:40,17:47:40,17:49:20,17:51:20,17:53:40,17:55:20,17:57:10,17:59:40,18:01:40,18:03:30,18:06:00,18:08:20,18:10:40,00:00:00,
7235,16:57:00,16:59:50,17:02:20,17:04:20,17:06:10,17:07:50,17:09:50,17:11:20,17:13:00,17:14:50,17:17:10,17:18:50,17:20:30,17:22:00,17:23:50,17:25:50,17:27:40,17:29:40,17:31:30,17:34:30,17:36:30,17:38:10,17:40:00,17:41:30,17:43:40,17:46:40,17:50:40,17:53:40,17:55:20,17:57:20,17:59:40,18:01:20,18:03:10,18:05:40,18:07:40,18:09:30,18:12:00,18:14:20,18:16:40,18:19:30,18:22:30,18:24:30,18:26:20,18:28:10,18:30:00,18:31:40,18:33:30,18:35:10,00:00:00,
7239,17:09:00,17:11:50,17:14:20,17:16:20,17:18:10,17:19:50,17:21:50,17:23:20,17:25:00,17:26:50,17:29:10,17:30:50,17:32:30,17:34:00,17:35:50,17:37:50,17:39:40,17:41:40,17:43:30,17:46:30,17:48:30,17:50:10,17:52:00,17:53:30,17:55:40,17:58:40,18:02:40,18:05:40,18:07:20,18:09:20,18:11:40,18:13:20,18:15:10,18:17:40,18:19:40,18:21:30,18:24:00,18:26:20,18:28:40,18:31:30,18:34:30,18:36:30,18:38:20,18:40:10,18:42:00,18:43:40,18:45:30,18:47:10,00:00:00,
7241,17:15:00,17:17:50,17:20:20,17:22:20,17:24:10,17:25:50,17:27:50,17:29:20,17:31:00,17:32:50,17:35:10,17:36:50,17:38:30,17:40:00,17:41:50,17:43:50,17:45:40,17:47:40,17:49:30,17:52:30,17:54:30,17:56:10,17:58:00,17:59:30,18:01:40,18:04:40,18:08:40,18:11:40,18:13:20,18:15:20,18:17:40,18:19:20,18:21:10,18:23:40,18:25:40,18:27:30,18:30:00,18:32:20,18:34:40,00:00:00,
7245,17:27:00,17:29:50,17:32:20,17:34:20,17:36:10,17:37:50,17:39:50,17:41:20,17:43:00,17:44:50,17:47:10,17:48:50,17:50:30,17:52:00,17:53:50,17:55:50,17:57:40,17:59:40,18:01:30,18:04:30,18:06:30,18:08:10,18:10:00,18:11:30,18:13:40,18:16:40,18:20:40,18:23:40,18:25:20,18:27:20,18:29:40,18:31:20,18:33:10,18:35:40,18:37:40,18:39:30,18:42:00,18:44:20,18:46:40,00:00:00,
7247,17:33:00,17:35:50,17:38:20,17:40:20,17:42:10,17:43:50,17:45:50,17:47:20,17:49:00,17:50:50,17:53:10,17:54:50,17:56:30,17:58:00,17:59:50,18:01:50,18:03:40,18:05:40,18:07:30,18:10:30,18:12:30,18:14:10,18:16:00,18:17:30,18:19:40,18:22:40,18:26:40,18:29:40,18:31:20,18:33:20,18:35:40,18:37:20,18:39:10,18:41:40,18:43:40,18:45:30,18:48:00,18:50:20,18:52:40,18:55:30,18:58:30,19:00:30,19:02:20,19:04:10,19:06:00,19:07:40,19:09:30,19:11:10,00:00:00,
7251,17:45:00,17:47:50,17:50:20,17:52:20,17:54:10,17:55:50,17:57:50,17:59:20,18:01:00,18:02:50,18:05:10,18:06:50,18:08:30,18:10:00,18:11:50,18:13:50,18:15:40,18:17:40,18:19:30,18:22:30,18:24:30,18:26:10,18:28:00,18:29:30,18:31:40,18:34:40,18:38:40,18:41:40,18:43:20,18:45:20,18:47:40,18:49:20,18:51:10,18:53:40,18:55:40,18:57:30,19:00:00,19:02:20,19:04:40,19:07:30,19:10:30,19:12:30,19:14:20,19:16:10,19:18:00,19:19:40,19:21:30,19:23:10,00:00:00,
7255,17:57:00,17:59:50,18:02:20,18:04:20,18:06:10,18:07:50,18:09:50,18:11:20,18:13:00,18:14:50,18:17:10,18:18:50,18:20:30,18:22:00,18:23:50,18:25:50,18:27:40,18:29:40,18:31:30,18:34:30,18:36:30,18:38:10,18:40:00,18:41:30,18:43:40,18:46:40,18:50:40,18:53:40,18:55:20,18:57:20,18:59:40,19:01:20,19:03:10,19:05:40,19:07:40,19:09:30,19:12:00,19:14:20,19:16:40,19:19:30,19:22:30,19:24:30,19:26:20,19:28:10,19:30:00,19:31:40,19:33:30,19:35:10,00:00:00,
7259,18:09:00,18:11:50,18:14:20,18:16:20,18:18:10,18:19:50,18:21:50,18:23:20,18:25:00,18:26:50,18:29:10,18:30:50,18:32:30,18:34:00,18:35:50,18:37:50,18:39:40,18:41:40,18:43:30,18:46:30,18:48:30,18:50:10,18:52:00,18:53:30,18:55:40,18:58:40,19:02:40,19:05:40,19:07:20,19:09:20,19:11:40,19:13:20,19:15:10,19:17:40,19:19:40,19:21:30,19:24:00,19:26:20,19:28:40,19:31:30,19:34:30,19:36:30,19:38:20,19:40:10,19:42:00,19:43:40,19:45:30,19:47:10,00:00:00,
7263,18:21:00,18:23:50,18:26:20,18:28:20,18:30:10,18:31:50,18:33:50,18:35:20,18:37:00,18:38:50,18:41:10,18:42:50,18:44:30,18:46:00,18:47:50,18:49:50,18:51:40,18:53:40,18:55:30,18:58:30,19:00:30,19:02:10,19:04:00,19:05:30,19:07:40,19:10:40,19:14:40,19:17:40,19:19:20,19:21:20,19:23:40,19:25:20,19:27:10,19:29:40,19:31:40,19:33:30,19:36:00,19:38:20,19:40:40,19:43:30,19:46:30,19:48:30,19:50:20,19:52:10,19:54:00,19:55:40,19:57:30,19:59:10,00:00:00,
7267,18:33:00,18:35:50,18:38:20,18:40:20,18:42:10,18:43:50,18:45:50,18:47:20,18:49:00,18:50:50,18:53:10,18:54:50,18:56:30,18:58:00,18:59:50,19:01:50,19:03:40,19:05:40,19:07:30,19:10:30,19:12:30,19:14:10,19:16:00,19:17:30,19:19:40,19:22:40,19:26:40,19:29:40,19:31:20,19:33:20,19:35:40,19:37:20,19:39:10,19:41:40,19:43:40,19:45:30,19:48:00,19:50:20,19:52:40,19:55:30,19:58:30,20:00:30,20:02:20,20:04:10,20:06:00,20:07:40,20:09:30,20:11:10,00:00:00,
7271,18:45:00,18:47:50,18:50:20,18:52:20,18:54:10,18:55:50,18:57:50,18:59:20,19:01:00,19:02:50,19:05:10,19:06:50,19:08:30,19:10:00,19:11:50,19:13:50,19:15:40,19:17:40,19:19:30,19:22:30,19:24:30,19:26:10,19:28:00,19:29:30,19:31:40,19:34:40,19:38:40,19:41:40,19:43:20,19:45:20,19:47:40,19:49:20,19:51:10,19:53:40,19:55:40,19:57:30,20:00:00,20:02:20,20:04:40,20:07:30,20:10:30,20:12:30,20:14:20,20:16:10,20:18:00,20:19:40,20:21:30,20:23:10,00:00:00,
7275,18:57:00,18:59:50,19:02:20,19:04:20,19:06:10,19:07:50,19:09:50,19:11:20,19:13:00,19:14:50,19:17:10,19:18:50,19:20:30,19:22:00,19:23:50,19:25:50,19:27:40,19:29:40,19:31:30,19:34:30,19:36:30,19:38:10,19:40:00,19:41:30,19:43:40,19:46:40,19:50:40,19:53:40,19:55:20,19:57:20,19:59:40,20:01:20,20:03:10,20:05:40,20:07:40,20:09:30,20:12:00,20:14:20,20:16:40,20:19:30,20:22:30,20:24:30,20:26:20,20:28:10,20:30:00,20:31:40,20:33:30,20:35:10,00:00:00,
7277,19:03:00,19:05:50,19:08:20,19:10:20,19:12:10,19:13:50,19:15:50,19:17:20,19:19:00,19:20:50,19:23:10,19:24:50,19:26:30,19:28:00,19:29:50,19:31:50,19:33:40,19:35:40,19:37:30,19:40:30,19:42:30,19:44:10,19:46:00,19:47:30,19:49:40,19:52:40,19:56:40,19:59:40,20:01:20,20:03:20,20:05:40,20:07:20,20:09:10,20:11:40,20:13:40,20:15:30,20:18:00,20:20:20,20:22:40,00:00:00,
7281,19:15:00,19:17:50,19:20:20,19:22:20,19:24:10,19:25:50,19:27:50,19:29:20,19:31:00,19:32:50,19:35:10,19:36:50,19:38:30,19:40:00,19:41:50,19:43:50,19:45:40,19:47:40,19:49:30,19:52:30,19:54:30,19:56:10,19:58:00,19:59:30,20:01:40,20:04:40,20:08:40,20:11:40,20:13:20,20:15:20,20:17:40,20:19:20,20:21:10,20:23:40,20:25:40,20:27:30,20:30:00,20:32:20,20:34:40,00:00:00,
7283,19:21:00,19:23:50,19:26:20,19:28:20,19:30:10,19:31:50,19:33:50,19:35:20,19:37:00,19:38:50,19:41:10,19:42:50,19:44:30,19:46:00,19:47:50,19:49:50,19:51:40,19:53:40,19:55:30,19:58:30,20:00:30,20:02:10,20:04:00,20:05:30,20:07:40,20:10:40,20:14:40,20:17:40,20:19:20,20:21:20,20:23:40,20:25:20,20:27:10,20:29:40,20:31:40,20:33:30,20:36:00,20:38:20,20:40:40,20:43:30,20:46:30,20:48:30,20:50:20,20:52:10,20:54:00,20:55:40,20:57:30,20:59:10,00:00:00,
7287,19:33:00,19:35:50,19:38:20,19:40:20,19:42:10,19:43:50,19:45:50,19:47:20,19:49:00,19:50:50,19:53:10,19:54:50,19:56:30,19:58:00,19:59:50,20:01:50,20:03:40,20:05:40,20:07:30,20:10:30,20:12:30,20:14:10,20:16:00,20:17:30,20:19:40,20:22:40,20:26:40,20:29:40,20:31:20,20:33:20,20:35:40,20:37:20,20:39:10,20:41:40,20:43:40,20:45:30,20:48:00,20:50:20,20:52:40,20:55:30,20:58:30,21:00:30,21:02:20,21:04:10,21:06:00,21:07:40,21:09:30,21:11:10,00:00:00,
7289,19:39:00,19:41:50,19:44:20,19:46:20,19:48:10,19:49:50,19:51:50,19:53:20,19:55:00,19:56:50,19:59:10,20:00:50,20:02:30,20:04:00,20:05:50,20:07:50,20:09:40,20:11:40,20:13:30,20:16:30,20:18:30,20:20:10,20:22:00,20:23:30,20:25:40,20:28:40,20:32:40,20:35:40,20:37:20,20:39:20,20:41:40,20:43:20,20:45:10,20:47:40,20:49:40,20:51:30,20:54:00,20:56:20,20:58:40,00:00:00,
7293,19:51:00,19:53:50,19:56:20,19:58:20,20:00:10,20:01:50,20:03:50,20:05:20,20:07:00,20:08:50,20:11:10,20:12:50,20:14:30,20:16:00,20:17:50,20:19:50,20:21:40,20:23:40,20:25:30,20:28:30,20:30:30,20:32:10,20:34:00,20:35:30,20:37:40,20:40:40,20:44:40,20:47:40,20:49:20,20:51:20,20:53:40,20:55:20,20:57:10,20:59:40,21:01:40,21:03:30,21:06:00,21:08:20,21:10:40,00:00:00,
7295,19:57:00,19:59:50,20:02:20,20:04:20,20:06:10,20:07:50,20:09:50,20:11:20,20:13:00,20:14:50,20:17:10,20:18:50,20:20:30,20:22:00,20:23:50,20:25:50,20:27:40,20:29:40,20:31:30,20:34:30,20:36:30,20:38:10,20:40:00,20:41:30,20:43:40,20:46:40,20:50:40,20:53:40,20:55:20,20:57:20,20:59:40,21:01:20,21:03:10,21:05:40,21:07:40,21:09:30,21:12:00,21:14:20,21:16:40,21:19:30,21:22:30,21:24:30,21:26:20,21:28:10,21:30:00,21:31:40,21:33:30,21:35:10,00:00:00,
7299,20:09:00,20:11:50,20:14:20,20:16:20,20:18:10,20:19:50,20:21:50,20:23:20,20:25:00,20:26:50,20:29:10,20:30:50,20:32:30,20:34:00,20:35:50,20:37:50,20:39:40,20:41:40,20:43:30,20:46:30,20:48:30,20:50:10,20:52:00,20:53:30,20:55:40,20:58:40,21:02:40,21:05:40,21:07:20,21:09:20,21:11:40,21:13:20,21:15:10,21:17:40,21:19:40,21:21:30,21:24:00,21:26:20,21:28:40,21:31:30,21:34:30,21:36:30,21:38:20,21:40:10,21:42:00,21:43:40,21:45:30,21:47:10,00:00:00,
7301,20:15:00,20:17:50,20:20:20,20:22:20,20:24:10,20:25:50,20:27:50,20:29:20,20:31:00,20:32:50,20:35:10,20:36:50,20:38:30,20:40:00,20:41:50,20:43:50,20:45:40,20:47:40,20:49:30,20:52:30,20:54:30,20:56:10,20:58:00,20:59:30,21:01:40,21:04:40,21:08:40,21:11:40,21:13:20,21:15:20,21:17:40,21:19:20,21:21:10,21:23:40,21:25:40,21:27:30,21:30:00,21:32:20,21:34:40,00:00:00,
7305,20:27:00,20:29:50,20:32:20,20:34:20,20:36:10,20:37:50,20:39:50,20:41:20,20:43:00,20:44:50,20:47:10,20:48:50,20:50:30,20:52:00,20:53:50,20:55:50,20:57:40,20:59:40,21:01:30,21:04:30,21:06:30,21:08:10,21:10:00,21:11:30,21:13:40,21:16:40,21:20:40,21:23:40,21:25:20,21:27:20,21:29:40,21:31:20,21:33:10,21:35:40,21:37:40,21:39:30,21:42:00,21:44:20,21:46:40,00:00:00,
7307,20:33:00,20:35:50,20:38:20,20:40:20,20:42:10,20:43:50,20:45:50,20:47:20,20:49:00,20:50:50,20:53:10,20:54:50,20:56:30,20:58:00,20:59:50,21:01:50,21:03:40,21:05:40,21:07:30,21:10:30,21:12:30,21:14:10,21:16:00,21:17:30,21:19:40,21:22:40,21:26:40,21:29:40,21:31:20,21:33:20,21:35:40,21:37:20,21:39:10,21:41:40,21:43:40,21:45:30,21:48:00,21:50:20,21:52:40,21:55:30,21:58:30,22:00:30,22:02:20,22:04:10,22:06:00,22:07:40,22:09:30,22:11:10,00:00:00,
7311,20:45:00,20:47:50,20:50:20,20:52:20,20:54:10,20:55:50,20:57:50,20:59:20,21:01:00,21:02:50,21:05:10,21:06:50,21:08:30,21:10:00,21:11:50,21:13:50,21:15:40,21:17:40,21:19:30,21:22:30,21:24:30,21:26:10,21:28:00,21:29:30,21:31:40,21:34:40,21:38:40,21:41:40,21:43:20,21:45:20,21:47:40,21:49:20,21:51:10,21:53:40,21:55:40,21:57:30,22:00:00,22:02:20,22:04:40,22:07:30,22:10:30,22:12:30,22:14:20,22:16:10,22:18:00,22:19:40,22:21:30,22:23:10,00:00:00,
7313,20:51:00,20:53:50,20:56:20,20:58:20,21:00:10,21:01:50,21:03:50,21:05:20,21:07:00,21:08:50,21:11:10,21:12:50,21:14:30,21:16:00,21:17:50,21:19:50,21:21:40,21:23:40,21:25:30,21:28:30,21:30:30,21:32:10,21:34:00,21:35:30,21:37:40,21:40:40,21:44:40,21:47:40,21:49:20,21:51:20,21:53:40,21:55:20,21:57:10,21:59:40,22:01:40,22:03:30,22:06:00,22:08:20,22:10:40,00:00:00,
7317,21:03:00,21:05:50,21:08:20,21:10:20,21:12:10,21:13:50,21:15:50,21:17:20,21:19:00,21:20:50,21:23:10,21:24:50,21:26:30,21:28:00,21:29:50,21:31:50,21:33:40,21:35:40,21:37:30,21:40:30,21:42:30,21:44:10,21:46:00,21:47:30,21:49:40,21:52:40,21:56:40,21:59:40,22:01:20,22:03:20,22:05:40,22:07:20,22:09:10,22:11:40,22:13:40,22:15:30,22:18:00,22:20:20,22:22:40,00:00:00,
7321,21:16:00,21:18:50,21:21:20,21:23:20,21:25:10,21:26:50,21:28:50,21:30:20,21:32:00,21:33:50,21:36:10,21:37:50,21:39:30,21:41:00,21:42:50,21:44:50,21:46:40,21:48:40,21:50:30,21:53:30,21:55:30,21:57:10,21:59:00,22:00:30,22:02:40,22:05:40,22:09:40,22:12:40,22:14:20,22:16:20,22:18:40,22:20:20,22:22:10,22:24:40,22:26:40,22:28:30,22:31:00,22:33:20,22:35:40,00:00:00,
7325,21:32:00,21:34:50,21:37:20,21:39:20,21:41:10,21:42:50,21:44:50,21:46:20,21:48:00,21:49:50,21:52:10,21:53:50,21:55:30,21:57:00,21:58:50,22:00:50,22:02:40,22:04:40,22:06:30,22:09:30,22:11:30,22:13:10,22:15:00,22:16:30,22:18:40,22:21:40,22:25:40,22:28:40,22:30:20,22:32:20,22:34:40,22:36:20,22:38:10,22:40:40,22:42:40,22:44:30,22:47:00,22:49:20,22:51:40,00:00:00,
7329,21:48:00,21:50:50,21:53:20,21:55:20,21:57:10,21:58:50,22:00:50,22:02:20,22:04:00,22:05:50,22:08:10,22:09:50,22:11:30,22:13:00,22:14:50,22:16:50,22:18:40,22:20:40,22:22:30,22:25:30,22:27:30,22:29:10,22:31:00,22:32:30,22:34:40,22:37:40,22:41:40,22:44:40,22:46:20,22:48:20,22:50:40,22:52:20,22:54:10,22:56:40,22:58:40,23:00:30,23:03:00,23:05:20,23:07:40,00:00:00,
7333,22:04:00,22:06:50,22:09:20,22:11:20,22:13:10,22:14:50,22:16:50,22:18:20,22:20:00,22:21:50,22:24:10,22:25:50,22:27:30,22:29:00,22:30:50,22:32:50,22:34:40,22:36:40,22:38:30,22:41:30,22:43:30,22:45:10,22:47:00,22:48:30,22:50:40,22:53:40,22:57:40,23:00:40,23:02:20,23:04:20,23:06:40,23:08:20,23:10:10,23:12:40,23:14:40,23:16:30,23:19:00,23:21:20,23:23:40,00:00:00,
7337,22:20:00,22:22:50,22:25:20,22:27:20,22:29:10,22:30:50,22:32:50,22:34:20,22:36:00,22:37:50,22:40:10,22:41:50,22:43:30,22:45:00,22:46:50,22:48:50,22:50:40,22:52:40,22:54:30,22:57:30,22:59:30,23:01:10,23:03:00,23:04:30,23:06:40,23:09:40,23:13:40,23:16:40,23:18:20,23:20:20,23:22:40,23:24:20,23:26:10,23:28:40,23:30:40,23:32:30,23:35:00,23:37:20,23:39:40,00:00:00,
7339,22:28:00,22:30:50,22:33:20,22:35:20,22:37:10,22:38:50,22:40:50,22:42:20,22:44:00,22:45:50,22:48:10,22:49:50,22:51:30,22:53:00,22:54:50,22:56:50,22:58:40,23:00:40,23:02:30,23:05:30,23:07:30,23:09:10,23:11:00,23:12:30,23:14:40,23:17:40,23:21:40,23:24:40,23:26:20,23:28:20,23:30:40,23:32:20,23:34:10,23:36:40,23:38:40,23:40:30,23:43:00,23:45:20,23:47:40,23:50:30,23:53:30,23:55:30,23:57:20,23:59:10,24:01:00,24:02:40,24:04:30,24:06:10,00:00:00,
7343,22:47:00,22:49:50,22:52:20,22:54:20,22:56:10,22:57:50,22:59:50,23:01:20,23:03:00,23:04:50,23:07:10,23:08:50,23:10:30,23:12:10,23:14:00,23:15:50,23:17:40,23:19:30,23:21:30,23:24:30,23:26:30,23:28:10,23:30:00,23:31:40,23:33:40,23:36:40,23:40:30,23:43:30,23:45:10,23:47:10,23:49:30,23:51:10,23:53:00,23:55:30,23:57:30,23:59:20,24:01:50,24:04:10,24:06:40,00:00:00,
7011,05:32:00,05:33:40,05:35:30,05:37:50,05:39:30,05:41:10,05:42:50,05:44:40,05:46:30,05:48:20,05:50:10,05:52:10,05:55:10,05:57:10,05:58:50,06:00:40,06:02:20,06:04:20,06:07:20,06:11:10,06:14:10,06:15:50,06:17:50,06:20:10,06:21:50,06:23:40,06:26:10,06:28:10,06:30:00,06:32:30,06:34:50,06:37:20,06:40:10,06:43:10,06:45:10,06:47:00,06:48:50,06:50:40,06:52:20,06:54:10,06:55:50,00:00:00,
7009,05:38:00,05:40:00,05:43:00,05:45:00,05:46:40,05:48:30,05:50:10,05:52:10,05:55:10,05:59:00,06:02:00,06:03:40,06:05:40,06:08:00,06:09:40,06:11:30,06:14:00,06:16:00,06:17:50,06:20:20,06:22:40,06:25:10,06:28:00,06:31:00,06:33:00,06:34:50,06:36:40,06:38:30,06:40:10,06:42:00,06:43:40,00:00:00,
7007,05:31:00,05:33:00,05:34:40,05:36:30,05:38:10,05:40:10,05:43:10,05:47:00,05:50:00,05:51:40,05:53:40,05:56:00,05:57:40,05:59:30,06:02:00,06:04:00,06:05:50,06:08:20,06:10:40,06:13:10,06:16:00,06:19:00,06:21:00,06:22:50,06:24:40,06:26:30,06:28:10,06:30:00,06:31:40,00:00:00,
7005,05:30:00,05:33:50,05:36:50,05:38:30,05:40:30,05:42:50,05:44:30,05:46:20,05:48:50,05:50:50,05:52:40,05:55:10,05:57:30,06:00:00,06:02:50,06:05:50,06:07:50,06:09:40,06:11:30,06:13:20,06:15:00,06:16:50,06:18:30,00:00:00,
7003,05:30:00,05:32:30,05:34:30,05:36:20,05:38:50,05:41:10,05:43:40,05:46:30,05:49:30,05:51:30,05:53:20,05:55:10,05:57:00,05:58:40,06:00:30,06:02:10,00:00:00,
7001,05:30:00,05:33:00,05:35:00,05:36:50,05:38:40,05:40:30,05:42:10,05:44:00,05:45:40,00:00:00,
